#time	delta_t	count	delta_count
0.001	0.008	2512	50.120
0.004	0.009	2308	48.042
0.007	0.009	2295	47.906
0.010	0.010	2246	47.392
0.013	0.010	2275	47.697
0.016	0.011	2122	46.065
0.019	0.012	2092	45.738
0.022	0.012	2082	45.629
0.025	0.013	1930	43.932
0.029	0.013	2060	45.387
0.032	0.014	1910	43.704
0.035	0.014	1935	43.989
0.038	0.015	1918	43.795
0.041	0.015	1824	42.708
0.044	0.016	1782	42.214
0.047	0.016	1709	41.340
0.050	0.017	1765	42.012
0.053	0.017	1713	41.388
0.056	0.018	1715	41.413
0.059	0.018	1749	41.821
0.063	0.019	1653	40.657
0.066	0.019	1621	40.262
0.069	0.020	1686	41.061
0.072	0.020	1581	39.762
0.075	0.021	1570	39.623
0.078	0.021	1531	39.128
0.081	0.022	1570	39.623
0.084	0.022	1504	38.781
0.087	0.023	1425	37.749
0.090	0.024	1482	38.497
0.093	0.024	1400	37.417
0.097	0.025	1346	36.688
0.100	0.025	1336	36.551
0.103	0.026	1374	37.068
0.106	0.026	1342	36.633
0.109	0.027	1273	35.679
0.112	0.027	1320	36.332
0.115	0.028	1245	35.285
0.118	0.028	1279	35.763
0.121	0.029	1241	35.228
0.124	0.029	1191	34.511
0.127	0.030	1208	34.756
0.130	0.030	1085	32.939
0.134	0.031	1235	35.143
0.137	0.031	1149	33.897
0.140	0.032	1126	33.556
0.143	0.032	1139	33.749
0.146	0.033	1130	33.615
0.149	0.033	1063	32.604
0.152	0.034	1060	32.558
0.155	0.035	1036	32.187
0.158	0.035	1026	32.031
0.161	0.036	965	31.064
0.164	0.036	993	31.512
0.168	0.037	978	31.273
0.171	0.037	907	30.116
0.174	0.038	925	30.414
0.177	0.038	917	30.282
0.180	0.039	926	30.430
0.183	0.039	886	29.766
0.186	0.040	917	30.282
0.189	0.040	863	29.377
0.192	0.041	873	29.547
0.195	0.041	864	29.394
0.198	0.042	858	29.292
0.202	0.042	898	29.967
0.205	0.043	903	30.050
0.208	0.043	805	28.373
0.211	0.044	867	29.445
0.214	0.044	770	27.749
0.217	0.045	800	28.284
0.220	0.046	781	27.946
0.223	0.046	861	29.343
0.226	0.047	810	28.460
0.229	0.047	806	28.390
0.232	0.048	750	27.386
0.236	0.048	759	27.550
0.239	0.049	742	27.240
0.242	0.049	773	27.803
0.245	0.050	776	27.857
0.248	0.050	710	26.646
0.251	0.051	792	28.142
0.254	0.051	687	26.211
0.257	0.052	700	26.458
0.260	0.052	702	26.495
0.263	0.053	693	26.325
0.266	0.053	653	25.554
0.270	0.054	640	25.298
0.273	0.054	700	26.458
0.276	0.055	628	25.060
0.279	0.055	642	25.338
0.282	0.056	689	26.249
0.285	0.057	618	24.860
0.288	0.057	632	25.140
0.291	0.058	601	24.515
0.294	0.058	607	24.637
0.297	0.059	605	24.597
0.300	0.059	566	23.791
0.304	0.060	573	23.937
0.307	0.060	579	24.062
0.310	0.061	568	23.833
0.313	0.061	580	24.083
0.316	0.062	570	23.875
0.319	0.062	550	23.452
0.322	0.063	526	22.935
0.325	0.063	573	23.937
0.328	0.064	506	22.494
0.331	0.064	530	23.022
0.334	0.065	526	22.935
0.338	0.065	498	22.316
0.341	0.066	515	22.694
0.344	0.066	515	22.694
0.347	0.067	452	21.260
0.350	0.067	477	21.840
0.353	0.068	479	21.886
0.356	0.069	479	21.886
0.359	0.069	451	21.237
0.362	0.070	486	22.045
0.365	0.070	455	21.331
0.368	0.071	470	21.679
0.372	0.071	472	21.726
0.375	0.072	413	20.322
0.378	0.072	441	21.000
0.381	0.073	442	21.024
0.384	0.073	478	21.863
0.387	0.074	466	21.587
0.390	0.074	445	21.095
0.393	0.075	442	21.024
0.396	0.075	430	20.736
0.399	0.076	403	20.075
0.402	0.076	390	19.748
0.406	0.077	410	20.248
0.409	0.077	393	19.824
0.412	0.078	424	20.591
0.415	0.078	399	19.975
0.418	0.079	398	19.950
0.421	0.080	402	20.050
0.424	0.080	435	20.857
0.427	0.081	377	19.416
0.430	0.081	384	19.596
0.433	0.082	379	19.468
0.436	0.082	377	19.416
0.440	0.083	406	20.149
0.443	0.083	325	18.028
0.446	0.084	384	19.596
0.449	0.084	337	18.358
0.452	0.085	375	19.365
0.455	0.085	383	19.570
0.458	0.086	361	19.000
0.461	0.086	363	19.053
0.464	0.087	370	19.235
0.467	0.087	367	19.157
0.470	0.088	340	18.439
0.474	0.088	372	19.287
0.477	0.089	337	18.358
0.480	0.089	346	18.601
0.483	0.090	341	18.466
0.486	0.091	322	17.944
0.489	0.091	320	17.889
0.492	0.092	347	18.628
0.495	0.092	354	18.815
0.498	0.093	329	18.138
0.501	0.093	307	17.521
0.504	0.094	347	18.628
0.507	0.094	313	17.692
0.511	0.095	312	17.664
0.514	0.095	310	17.607
0.517	0.096	308	17.550
0.520	0.096	308	17.550
0.523	0.097	335	18.303
0.526	0.097	291	17.059
0.529	0.098	307	17.521
0.532	0.098	305	17.464
0.535	0.099	268	16.371
0.538	0.099	261	16.155
0.541	0.100	307	17.521
0.545	0.100	321	17.916
0.548	0.101	297	17.234
0.551	0.101	247	15.716
0.554	0.102	270	16.432
0.557	0.103	260	16.125
0.560	0.103	285	16.882
0.563	0.104	272	16.492
0.566	0.104	285	16.882
0.569	0.105	258	16.062
0.572	0.105	278	16.673
0.575	0.106	268	16.371
0.579	0.106	236	15.362
0.582	0.107	292	17.088
0.585	0.107	254	15.937
0.588	0.108	281	16.763
0.591	0.108	249	15.780
0.594	0.109	232	15.232
0.597	0.109	251	15.843
0.600	0.110	269	16.401
0.603	0.110	249	15.780
0.606	0.111	208	14.422
0.609	0.111	257	16.031
0.613	0.112	239	15.460
0.616	0.112	245	15.652
0.619	0.113	261	16.155
0.622	0.114	252	15.875
0.625	0.114	238	15.427
0.628	0.115	235	15.330
0.631	0.115	238	15.427
0.634	0.116	251	15.843
0.637	0.116	248	15.748
0.640	0.117	255	15.969
0.643	0.117	223	14.933
0.647	0.118	256	16.000
0.650	0.118	253	15.906
0.653	0.119	267	16.340
0.656	0.119	249	15.780
0.659	0.120	230	15.166
0.662	0.120	235	15.330
0.665	0.121	232	15.232
0.668	0.121	247	15.716
0.671	0.122	228	15.100
0.674	0.122	222	14.900
0.677	0.123	244	15.620
0.681	0.123	254	15.937
0.684	0.124	213	14.595
0.687	0.125	240	15.492
0.690	0.125	209	14.457
0.693	0.126	222	14.900
0.696	0.126	224	14.967
0.699	0.127	219	14.799
0.702	0.127	230	15.166
0.705	0.128	224	14.967
0.708	0.128	202	14.213
0.711	0.129	179	13.379
0.715	0.129	211	14.526
0.718	0.130	198	14.071
0.721	0.130	203	14.248
0.724	0.131	192	13.856
0.727	0.131	216	14.697
0.730	0.132	215	14.663
0.733	0.132	208	14.422
0.736	0.133	204	14.283
0.739	0.133	211	14.526
0.742	0.134	222	14.900
0.745	0.134	165	12.845
0.749	0.135	203	14.248
0.752	0.135	186	13.638
0.755	0.136	198	14.071
0.758	0.137	200	14.142
0.761	0.137	213	14.595
0.764	0.138	181	13.454
0.767	0.138	208	14.422
0.770	0.139	189	13.748
0.773	0.139	201	14.177
0.776	0.140	186	13.638
0.779	0.140	200	14.142
0.783	0.141	178	13.342
0.786	0.141	211	14.526
0.789	0.142	172	13.115
0.792	0.142	193	13.892
0.795	0.143	212	14.560
0.798	0.143	222	14.900
0.801	0.144	203	14.248
0.804	0.144	189	13.748
0.807	0.145	185	13.601
0.810	0.145	202	14.213
0.813	0.146	205	14.318
0.817	0.146	180	13.416
0.820	0.147	187	13.675
0.823	0.148	205	14.318
0.826	0.148	200	14.142
0.829	0.149	182	13.491
0.832	0.149	187	13.675
0.835	0.150	180	13.416
0.838	0.150	203	14.248
0.841	0.151	193	13.892
0.844	0.151	174	13.191
0.847	0.152	176	13.266
0.851	0.152	175	13.229
0.854	0.153	152	12.329
0.857	0.153	178	13.342
0.860	0.154	179	13.379
0.863	0.154	186	13.638
0.866	0.155	181	13.454
0.869	0.155	157	12.530
0.872	0.156	176	13.266
0.875	0.156	188	13.711
0.878	0.157	168	12.961
0.881	0.157	182	13.491
0.884	0.158	166	12.884
0.888	0.159	166	12.884
0.891	0.159	194	13.928
0.894	0.160	155	12.450
0.897	0.160	220	14.832
0.900	0.161	160	12.649
0.903	0.161	195	13.964
0.906	0.162	173	13.153
0.909	0.162	153	12.369
0.912	0.163	208	14.422
0.915	0.163	160	12.649
0.918	0.164	192	13.856
0.922	0.164	174	13.191
0.925	0.165	177	13.304
0.928	0.165	172	13.115
0.931	0.166	177	13.304
0.934	0.166	190	13.784
0.937	0.167	196	14.000
0.940	0.167	151	12.288
0.943	0.168	173	13.153
0.946	0.168	168	12.961
0.949	0.169	154	12.410
0.952	0.170	162	12.728
0.956	0.170	155	12.450
0.959	0.171	176	13.266
0.962	0.171	142	11.916
0.965	0.172	168	12.961
0.968	0.172	169	13.000
0.971	0.173	173	13.153
0.974	0.173	152	12.329
0.977	0.174	155	12.450
0.980	0.174	159	12.610
0.983	0.175	177	13.304
0.986	0.175	163	12.767
0.990	0.176	163	12.767
0.993	0.176	188	13.711
0.996	0.177	157	12.530
0.999	0.177	172	13.115
1.002	0.178	170	13.038
1.005	0.178	195	13.964
1.008	0.179	179	13.379
1.011	0.179	180	13.416
1.014	0.180	168	12.961
1.017	0.180	166	12.884
1.020	0.181	149	12.207
1.024	0.182	170	13.038
1.027	0.182	153	12.369
1.030	0.183	180	13.416
1.033	0.183	181	13.454
1.036	0.184	169	13.000
1.039	0.184	151	12.288
1.042	0.185	179	13.379
1.045	0.185	174	13.191
1.048	0.186	162	12.728
1.051	0.186	129	11.358
1.054	0.187	150	12.247
1.058	0.187	157	12.530
1.061	0.188	173	13.153
1.064	0.188	171	13.077
1.067	0.189	144	12.000
1.070	0.189	148	12.166
1.073	0.190	140	11.832
1.076	0.190	133	11.533
1.079	0.191	168	12.961
1.082	0.191	155	12.450
1.085	0.192	161	12.689
1.088	0.193	156	12.490
1.092	0.193	165	12.845
1.095	0.194	140	11.832
1.098	0.194	159	12.610
1.101	0.195	146	12.083
1.104	0.195	143	11.958
1.107	0.196	161	12.689
1.110	0.196	165	12.845
1.113	0.197	178	13.342
1.116	0.197	153	12.369
1.119	0.198	163	12.767
1.122	0.198	162	12.728
1.126	0.199	158	12.570
1.129	0.199	149	12.207
1.132	0.200	153	12.369
1.135	0.200	155	12.450
1.138	0.201	172	13.115
1.141	0.201	169	13.000
1.144	0.202	176	13.266
1.147	0.202	174	13.191
1.150	0.203	150	12.247
1.153	0.204	153	12.369
1.156	0.204	158	12.570
1.160	0.205	135	11.619
1.163	0.205	141	11.874
1.166	0.206	148	12.166
1.169	0.206	136	11.662
1.172	0.207	155	12.450
1.175	0.207	146	12.083
1.178	0.208	170	13.038
1.181	0.208	158	12.570
1.184	0.209	129	11.358
1.187	0.209	160	12.649
1.190	0.210	181	13.454
1.194	0.210	144	12.000
1.197	0.211	179	13.379
1.200	0.211	136	11.662
1.203	0.212	141	11.874
1.206	0.212	146	12.083
1.209	0.213	175	13.229
1.212	0.213	146	12.083
1.215	0.214	152	12.329
1.218	0.214	167	12.923
1.221	0.215	150	12.247
1.224	0.216	150	12.247
1.228	0.216	160	12.649
1.231	0.217	176	13.266
1.234	0.217	128	11.314
1.237	0.218	146	12.083
1.240	0.218	149	12.207
1.243	0.219	154	12.410
1.246	0.219	146	12.083
1.249	0.220	154	12.410
1.252	0.220	173	13.153
1.255	0.221	140	11.832
1.258	0.221	145	12.042
1.261	0.222	149	12.207
1.265	0.222	168	12.961
1.268	0.223	150	12.247
1.271	0.223	144	12.000
1.274	0.224	138	11.747
1.277	0.224	141	11.874
1.280	0.225	145	12.042
1.283	0.225	155	12.450
1.286	0.226	146	12.083
1.289	0.227	149	12.207
1.292	0.227	178	13.342
1.295	0.228	142	11.916
1.299	0.228	140	11.832
1.302	0.229	163	12.767
1.305	0.229	149	12.207
1.308	0.230	144	12.000
1.311	0.230	152	12.329
1.314	0.231	134	11.576
1.317	0.231	155	12.450
1.320	0.232	144	12.000
1.323	0.232	161	12.689
1.326	0.233	145	12.042
1.329	0.233	157	12.530
1.333	0.234	141	11.874
1.336	0.234	152	12.329
1.339	0.235	131	11.446
1.342	0.235	151	12.288
1.345	0.236	149	12.207
1.348	0.236	136	11.662
1.351	0.237	140	11.832
1.354	0.238	158	12.570
1.357	0.238	184	13.565
1.360	0.239	156	12.490
1.363	0.239	162	12.728
1.367	0.240	172	13.115
1.370	0.240	151	12.288
1.373	0.241	151	12.288
1.376	0.241	152	12.329
1.379	0.242	137	11.705
1.382	0.242	168	12.961
1.385	0.243	160	12.649
1.388	0.243	141	11.874
1.391	0.244	154	12.410
1.394	0.244	167	12.923
1.397	0.245	146	12.083
1.401	0.245	134	11.576
1.404	0.246	153	12.369
1.407	0.246	150	12.247
1.410	0.247	158	12.570
1.413	0.247	147	12.124
1.416	0.248	165	12.845
1.419	0.249	152	12.329
1.422	0.249	172	13.115
1.425	0.250	144	12.000
1.428	0.250	149	12.207
1.431	0.251	171	13.077
1.435	0.251	159	12.610
1.438	0.252	133	11.533
