    1          95 
    2         183 
    3         188 
    4         173 
    5         177 
    6         185 
    7         156 
    8         133 
    9         134 
   10         123 
   11         153 
   12         130 
   13         111 
   14         100 
   15         111 
   16         100 
   17         120 
   18         119 
   19         110 
   20         114 
   21          90 
   22         123 
   23         103 
   24         114 
   25         102 
   26         115 
   27         101 
   28         112 
   29          93 
   30          83 
   31         104 
   32          93 
   33          82 
   34          95 
   35          86 
   36          86 
   37          94 
   38          95 
   39          75 
   40          79 
   41          87 
   42          98 
   43          80 
   44          75 
   45          81 
   46          74 
   47          75 
   48          68 
   49          85 
   50          62 
   51          61 
   52          70 
   53          82 
   54          78 
   55          64 
   56          55 
   57          71 
   58          77 
   59          70 
   60          79 
   61          63 
   62          63 
   63          55 
   64          44 
   65          60 
   66          59 
   67          55 
   68          61 
   69          49 
   70          59 
   71          53 
   72          54 
   73          46 
   74          55 
   75          46 
   76          45 
   77          40 
   78          69 
   79          58 
   80          46 
   81          54 
   82          58 
   83          63 
   84          46 
   85          50 
   86          52 
   87          40 
   88          52 
   89          52 
   90          42 
   91          56 
   92          46 
   93          37 
   94          51 
   95          55 
   96          29 
   97          46 
   98          51 
   99          44 
  100          38 
  101          41 
  102          36 
  103          31 
  104          30 
  105          30 
  106          34 
  107          32 
  108          38 
  109          37 
  110          42 
  111          35 
  112          42 
  113          40 
  114          24 
  115          30 
  116          40 
  117          28 
  118          43 
  119          33 
  120          30 
  121          33 
  122          32 
  123          35 
  124          22 
  125          21 
  126          29 
  127          26 
  128          24 
  129          33 
  130          30 
  131          32 
  132          29 
  133          29 
  134          27 
  135          22 
  136          24 
  137          24 
  138          25 
  139          32 
  140          25 
  141          28 
  142          29 
  143          30 
  144          29 
  145          31 
  146          30 
  147          14 
  148          32 
  149          28 
  150          26 
  151          29 
  152          17 
  153          22 
  154          23 
  155          23 
  156          21 
  157          22 
  158          38 
  159          27 
  160          25 
  161          20 
  162          22 
  163          22 
  164          26 
  165          17 
  166          14 
  167          21 
  168          20 
  169          25 
  170          20 
  171          21 
  172          19 
  173          34 
  174          27 
  175          23 
  176          32 
  177          24 
  178          20 
  179          25 
  180          19 
  181          21 
  182          22 
  183          15 
  184          19 
  185          23 
  186          22 
  187          23 
  188          23 
  189          15 
  190          29 
  191          15 
  192          20 
  193          18 
  194          20 
  195          12 
  196          18 
  197          17 
  198          12 
  199          22 
  200          19 
  201          10 
  202          18 
  203          25 
  204          13 
  205          18 
  206          28 
  207          18 
  208          12 
  209          17 
  210          18 
  211          17 
  212          16 
  213           9 
  214          12 
  215          21 
  216          18 
  217          14 
  218          17 
  219          15 
  220          18 
  221          19 
  222          14 
  223          16 
  224          14 
  225          12 
  226          22 
  227          14 
  228          23 
  229          17 
  230          20 
  231          19 
  232          17 
  233          19 
  234          14 
  235          16 
  236          15 
  237          15 
  238          13 
  239          28 
  240          13 
  241          20 
  242          15 
  243          14 
  244          16 
  245          18 
  246          11 
  247          15 
  248          17 
  249          14 
  250          13 
  251           5 
  252          19 
  253          11 
  254          17 
  255           6 
  256          22 
  257          17 
  258           9 
  259          12 
  260          15 
  261          17 
  262          15 
  263          18 
  264          15 
  265          15 
  266          13 
  267          20 
  268          13 
  269          18 
  270          12 
  271          21 
  272          10 
  273          17 
  274          13 
  275          18 
  276          16 
  277          13 
  278          18 
  279          12 
  280          12 
  281          13 
  282          15 
  283          16 
  284          12 
  285          17 
  286          13 
  287          14 
  288          10 
  289          13 
  290          13 
  291          12 
  292          15 
  293          11 
  294          15 
  295          11 
  296          13 
  297          18 
  298          13 
  299           7 
  300          12 
  301          11 
  302          14 
  303          12 
  304          10 
  305           7 
  306          17 
  307          13 
  308          10 
  309          14 
  310          11 
  311           8 
  312          14 
  313          10 
  314          13 
  315          12 
  316          11 
  317          10 
  318          11 
  319          13 
  320          14 
  321          18 
  322          16 
  323          13 
  324          12 
  325           9 
  326           7 
  327          13 
  328          11 
  329          16 
  330          14 
  331          13 
  332          10 
  333          15 
  334           6 
  335          16 
  336          13 
  337          11 
  338          10 
  339          13 
  340          12 
  341          13 
  342          11 
  343           7 
  344          11 
  345          11 
  346          13 
  347          16 
  348          11 
  349          10 
  350           8 
  351           6 
  352           9 
  353          13 
  354          14 
  355          15 
  356          11 
  357           4 
  358          10 
  359          13 
  360          19 
  361          10 
  362           9 
  363           7 
  364          14 
  365          17 
  366          16 
  367           7 
  368          10 
  369          19 
  370           9 
  371           8 
  372          15 
  373           9 
  374          13 
  375          11 
  376           9 
  377          11 
  378          16 
  379          12 
  380          16 
  381           6 
  382          12 
  383          10 
  384          11 
  385           9 
  386          13 
  387          17 
  388          19 
  389          12 
  390           5 
  391          16 
  392           7 
  393          11 
  394           8 
  395           8 
  396           8 
  397          11 
  398          11 
  399          14 
  400           5 
  401          10 
  402          15 
  403          14 
  404          11 
  405          11 
  406          10 
  407          12 
  408          18 
  409           5 
  410          11 
  411          14 
  412           8 
  413           9 
  414          15 
  415           7 
  416           7 
  417           7 
  418          11 
  419          11 
  420           9 
  421          16 
  422          20 
  423          10 
  424          11 
  425           7 
  426           8 
  427          13 
  428          11 
  429          11 
  430          12 
  431          13 
  432           9 
  433          14 
  434          12 
  435          14 
  436          10 
  437          15 
  438          10 
  439          12 
  440           7 
  441           9 
  442          11 
  443          14 
  444           8 
  445          13 
  446          11 
  447          18 
  448           7 
  449          16 
  450          11 
  451          11 
  452          14 
  453          10 
  454          12 
  455          13 
  456          14 
  457          16 
  458          14 
  459           9 
  460          11 
  461          13 
  462          11 
  463          11 
  464          16 
  465          15 
  466          12 
  467          10 
  468          13 
  469           9 
  470          16 
  471          12 
  472          11 
  473          17 
  474          10 
  475          15 
  476          15 
  477          15 
  478           9 
  479           8 
  480           8 
  481          17 
  482           8 
  483           0 
  484           0 
  485           0 
  486           0 
  487           0 
  488           0 
  489           0 
  490           0 
  491           0 
  492           0 
  493           0 
  494           0 
  495           0 
  496           0 
  497           0 
  498           0 
  499           0 
  500           0 
  501           0 
  502           0 
  503           0 
  504           0 
  505           0 
  506           0 
  507           0 
  508           0 
  509           0 
  510           0 
  511           0 
  512           0 
