    1           0 
    2           0 
    3           0 
    4           0 
    5           1 
    6           2 
    7           4 
    8          13 
    9          26 
   10          34 
   11          41 
   12          44 
   13          32 
   14          22 
   15          26 
   16          24 
   17          25 
   18          21 
   19          32 
   20          22 
   21          19 
   22          16 
   23          24 
   24          18 
   25          22 
   26          19 
   27          26 
   28          18 
   29          19 
   30          19 
   31          16 
   32          13 
   33          11 
   34          21 
   35           9 
   36          10 
   37          11 
   38          18 
   39          17 
   40          13 
   41          15 
   42          11 
   43          11 
   44          15 
   45          13 
   46          15 
   47           6 
   48          13 
   49          16 
   50          13 
   51           7 
   52          14 
   53          13 
   54           9 
   55           7 
   56          12 
   57          11 
   58           5 
   59          11 
   60          11 
   61           3 
   62          10 
   63           7 
   64           4 
   65          13 
   66           9 
   67           9 
   68           6 
   69           5 
   70           4 
   71           7 
   72           9 
   73           9 
   74          13 
   75          15 
   76           5 
   77           5 
   78           8 
   79          11 
   80           5 
   81           7 
   82          11 
   83           4 
   84           5 
   85           5 
   86           6 
   87           6 
   88           7 
   89           5 
   90           7 
   91           4 
   92           4 
   93           5 
   94           3 
   95           3 
   96           7 
   97           3 
   98           5 
   99           8 
  100           6 
  101           4 
  102           4 
  103           6 
  104           8 
  105           6 
  106           5 
  107           4 
  108           5 
  109           6 
  110           7 
  111           6 
  112           3 
  113           5 
  114           4 
  115           5 
  116           2 
  117           4 
  118           8 
  119           3 
  120           5 
  121           2 
  122           5 
  123           5 
  124           2 
  125           2 
  126           8 
  127           5 
  128           2 
  129           5 
  130           3 
  131           7 
  132           2 
  133           1 
  134           3 
  135           4 
  136           8 
  137           7 
  138           2 
  139           1 
  140           2 
  141           7 
  142           5 
  143           9 
  144           7 
  145           2 
  146           1 
  147           3 
  148           3 
  149           3 
  150           4 
  151           0 
  152           1 
  153           1 
  154           2 
  155           9 
  156           4 
  157           2 
  158           5 
  159           4 
  160           2 
  161           3 
  162           3 
  163           3 
  164           4 
  165           2 
  166           5 
  167           2 
  168           6 
  169           6 
  170           2 
  171           2 
  172          11 
  173           2 
  174           2 
  175           5 
  176           3 
  177           3 
  178           1 
  179           3 
  180           2 
  181           2 
  182           5 
  183           2 
  184           5 
  185           2 
  186           1 
  187           1 
  188           0 
  189           0 
  190           2 
  191           1 
  192           3 
  193           6 
  194           2 
  195           3 
  196           4 
  197           3 
  198           1 
  199           2 
  200           4 
  201           2 
  202           1 
  203           4 
  204           4 
  205           0 
  206           5 
  207           2 
  208           2 
  209           1 
  210           1 
  211           3 
  212           5 
  213           0 
  214           3 
  215           2 
  216           4 
  217           1 
  218           2 
  219           2 
  220           0 
  221           1 
  222           0 
  223           4 
  224           4 
  225           2 
  226           1 
  227           2 
  228           1 
  229           2 
  230           2 
  231           2 
  232           0 
  233           0 
  234           0 
  235           1 
  236           2 
  237           2 
  238           1 
  239           2 
  240           1 
  241           3 
  242           1 
  243           2 
  244           3 
  245           6 
  246           5 
  247           2 
  248           1 
  249           1 
  250           1 
  251           0 
  252           3 
  253           1 
  254           2 
  255           4 
  256           0 
  257           2 
  258           4 
  259           1 
  260           2 
  261           2 
  262           4 
  263           1 
  264           2 
  265           4 
  266           3 
  267           3 
  268           4 
  269           3 
  270           2 
  271           5 
  272           1 
  273           5 
  274           1 
  275           1 
  276           0 
  277           0 
  278           2 
  279           1 
  280           0 
  281           0 
  282           2 
  283           1 
  284           2 
  285           3 
  286           2 
  287           1 
  288           3 
  289           2 
  290           0 
  291           0 
  292           4 
  293           1 
  294           1 
  295           4 
  296           0 
  297           1 
  298           1 
  299           0 
  300           0 
  301           1 
  302           2 
  303           3 
  304           3 
  305           2 
  306           1 
  307           3 
  308           1 
  309           0 
  310           1 
  311           0 
  312           0 
  313           1 
  314           2 
  315           1 
  316           0 
  317           1 
  318           1 
  319           1 
  320           6 
  321           0 
  322           3 
  323           0 
  324           2 
  325           1 
  326           3 
  327           3 
  328           1 
  329           2 
  330           2 
  331           2 
  332           1 
  333           1 
  334           3 
  335           4 
  336           2 
  337           0 
  338           4 
  339           2 
  340           2 
  341           2 
  342           0 
  343           2 
  344           0 
  345           1 
  346           6 
  347           2 
  348           1 
  349           0 
  350           0 
  351           1 
  352           0 
  353           1 
  354           3 
  355           1 
  356           0 
  357           3 
  358           2 
  359           3 
  360           3 
  361           1 
  362           1 
  363           3 
  364           0 
  365           6 
  366           2 
  367           2 
  368           3 
  369           2 
  370           0 
  371           0 
  372           0 
  373           1 
  374           0 
  375           2 
  376           2 
  377           6 
  378           2 
  379           2 
  380           2 
  381           4 
  382           0 
  383           3 
  384           2 
  385           1 
  386           0 
  387           1 
  388           1 
  389           2 
  390           0 
  391           1 
  392           1 
  393           0 
  394           1 
  395           3 
  396           1 
  397           2 
  398           1 
  399           1 
  400           2 
  401           2 
  402           4 
  403           3 
  404           1 
  405           0 
  406           0 
  407           1 
  408           2 
  409           0 
  410           2 
  411           1 
  412           2 
  413           0 
  414           1 
  415           2 
  416           1 
  417           1 
  418           0 
  419           2 
  420           1 
  421           2 
  422           0 
  423           1 
  424           2 
  425           0 
  426           1 
  427           0 
  428           1 
  429           0 
  430           0 
  431           1 
  432           2 
  433           2 
  434           2 
  435           0 
  436           0 
  437           4 
  438           1 
  439           0 
  440           2 
  441           2 
  442           2 
  443           2 
  444           3 
  445           0 
  446           1 
  447           0 
  448           2 
  449           1 
  450           0 
  451           2 
  452           2 
  453           1 
  454           5 
  455           3 
  456           3 
  457           2 
  458           0 
  459           1 
  460           1 
  461           2 
  462           1 
  463           2 
  464           2 
  465           1 
  466           3 
  467           1 
  468           3 
  469           0 
  470           1 
  471           0 
  472           2 
  473           2 
  474           3 
  475           1 
  476           4 
  477           3 
  478           2 
  479           1 
  480           2 
  481           3 
  482           1 
  483           0 
  484           0 
  485           0 
  486           0 
  487           0 
  488           0 
  489           0 
  490           0 
  491           0 
  492           0 
  493           0 
  494           0 
  495           0 
  496           0 
  497           0 
  498           0 
  499           0 
  500           0 
  501           0 
  502           0 
  503           0 
  504           0 
  505           0 
  506           0 
  507           0 
  508           0 
  509           0 
  510           0 
  511           0 
  512           0 
