    1           0 
    2           0 
    3          13 
    4          41 
    5          42 
    6          35 
    7          49 
    8          39 
    9          28 
   10          25 
   11          28 
   12          14 
   13          20 
   14          22 
   15          22 
   16          20 
   17          19 
   18          19 
   19          16 
   20          17 
   21          17 
   22          10 
   23          11 
   24          13 
   25          10 
   26          12 
   27          21 
   28          13 
   29           9 
   30          12 
   31           8 
   32           9 
   33          16 
   34          13 
   35          18 
   36          13 
   37           9 
   38          11 
   39          13 
   40          14 
   41          12 
   42          14 
   43          17 
   44          11 
   45           9 
   46          20 
   47          11 
   48          11 
   49          15 
   50           8 
   51          10 
   52           9 
   53          15 
   54           8 
   55          10 
   56          13 
   57          11 
   58           5 
   59           6 
   60          10 
   61           7 
   62           5 
   63           6 
   64          16 
   65          12 
   66           7 
   67           7 
   68           4 
   69           8 
   70           7 
   71          10 
   72           7 
   73           5 
   74           9 
   75          11 
   76           5 
   77          11 
   78          10 
   79           7 
   80           7 
   81           8 
   82           7 
   83           6 
   84           8 
   85           8 
   86           7 
   87           7 
   88           6 
   89           7 
   90           6 
   91           3 
   92           5 
   93           4 
   94           7 
   95           7 
   96           6 
   97           6 
   98           3 
   99           2 
  100           7 
  101           7 
  102           7 
  103           8 
  104           7 
  105           7 
  106           4 
  107           8 
  108           7 
  109           9 
  110           3 
  111           7 
  112           5 
  113           5 
  114           7 
  115           3 
  116           4 
  117           9 
  118           5 
  119           4 
  120           1 
  121           5 
  122           3 
  123           5 
  124           5 
  125           3 
  126           2 
  127           4 
  128           4 
  129           4 
  130           7 
  131           3 
  132           4 
  133           7 
  134           5 
  135           3 
  136           3 
  137           5 
  138           6 
  139           5 
  140           4 
  141           3 
  142           4 
  143           5 
  144           3 
  145           5 
  146           5 
  147           0 
  148           3 
  149           2 
  150           3 
  151           2 
  152           4 
  153           3 
  154           5 
  155           4 
  156           3 
  157           3 
  158           1 
  159           2 
  160           4 
  161           1 
  162           2 
  163           4 
  164           3 
  165           5 
  166           1 
  167           4 
  168           4 
  169           4 
  170           5 
  171           2 
  172           5 
  173           2 
  174           3 
  175           2 
  176           8 
  177           3 
  178           2 
  179           4 
  180           2 
  181           1 
  182           4 
  183           3 
  184           2 
  185           3 
  186           7 
  187           1 
  188           4 
  189           6 
  190           0 
  191           1 
  192           1 
  193           5 
  194           4 
  195           4 
  196           2 
  197           2 
  198           3 
  199           0 
  200           0 
  201           1 
  202           4 
  203           1 
  204           2 
  205           2 
  206           2 
  207           1 
  208           2 
  209           1 
  210           4 
  211           1 
  212           3 
  213           2 
  214           3 
  215           1 
  216           2 
  217           3 
  218           2 
  219           0 
  220           2 
  221           2 
  222           2 
  223           4 
  224           0 
  225           1 
  226           2 
  227           1 
  228           2 
  229           2 
  230           4 
  231           2 
  232           1 
  233           1 
  234           3 
  235           3 
  236           3 
  237           2 
  238           3 
  239           0 
  240           3 
  241           0 
  242           4 
  243           1 
  244           2 
  245           1 
  246           1 
  247           2 
  248           1 
  249           4 
  250           1 
  251           1 
  252           1 
  253           4 
  254           2 
  255           0 
  256           0 
  257           3 
  258           0 
  259           4 
  260           3 
  261           1 
  262           2 
  263           1 
  264           4 
  265           1 
  266           3 
  267           4 
  268           1 
  269           1 
  270           0 
  271           4 
  272           3 
  273           1 
  274           1 
  275           3 
  276           1 
  277           4 
  278           1 
  279           7 
  280           2 
  281           3 
  282           1 
  283           2 
  284           2 
  285           3 
  286           0 
  287           1 
  288           4 
  289           1 
  290           0 
  291           1 
  292           1 
  293           1 
  294           3 
  295           2 
  296           1 
  297           1 
  298           2 
  299           1 
  300           0 
  301           0 
  302           1 
  303           0 
  304           0 
  305           1 
  306           0 
  307           3 
  308           2 
  309           3 
  310           1 
  311           1 
  312           0 
  313           1 
  314           2 
  315           2 
  316           2 
  317           0 
  318           0 
  319           3 
  320           1 
  321           0 
  322           3 
  323           2 
  324           0 
  325           1 
  326           2 
  327           0 
  328           1 
  329           4 
  330           0 
  331           2 
  332           0 
  333           1 
  334           0 
  335           3 
  336           0 
  337           2 
  338           2 
  339           0 
  340           1 
  341           0 
  342           3 
  343           2 
  344           2 
  345           5 
  346           2 
  347           1 
  348           4 
  349           1 
  350           2 
  351           0 
  352           1 
  353           4 
  354           1 
  355           1 
  356           1 
  357           2 
  358           1 
  359           2 
  360           3 
  361           1 
  362           3 
  363           1 
  364           0 
  365           1 
  366           3 
  367           0 
  368           2 
  369           0 
  370           2 
  371           2 
  372           2 
  373           0 
  374           3 
  375           2 
  376           3 
  377           3 
  378           0 
  379           1 
  380           0 
  381           3 
  382           2 
  383           1 
  384           3 
  385           2 
  386           1 
  387           1 
  388           5 
  389           1 
  390           2 
  391           3 
  392           1 
  393           1 
  394           1 
  395           1 
  396           0 
  397           0 
  398           1 
  399           0 
  400           1 
  401           5 
  402           1 
  403           0 
  404           1 
  405           3 
  406           0 
  407           0 
  408           2 
  409           0 
  410           0 
  411           2 
  412           2 
  413           1 
  414           2 
  415           1 
  416           2 
  417           1 
  418           2 
  419           0 
  420           0 
  421           1 
  422           0 
  423           1 
  424           3 
  425           1 
  426           1 
  427           2 
  428           1 
  429           0 
  430           2 
  431           1 
  432           3 
  433           2 
  434           2 
  435           2 
  436           2 
  437           3 
  438           2 
  439           2 
  440           1 
  441           1 
  442           0 
  443           1 
  444           0 
  445           2 
  446           0 
  447           0 
  448           1 
  449           1 
  450           1 
  451           2 
  452           1 
  453           0 
  454           1 
  455           1 
  456           4 
  457           0 
  458           1 
  459           1 
  460           3 
  461           0 
  462           4 
  463           1 
  464           1 
  465           4 
  466           1 
  467           1 
  468           1 
  469           1 
  470           0 
  471           0 
  472           2 
  473           0 
  474           2 
  475           4 
  476           2 
  477           1 
  478           0 
  479           2 
  480           4 
  481           0 
  482           0 
  483           1 
  484           2 
  485           3 
  486           2 
  487           2 
  488           1 
  489           1 
  490           0 
  491           0 
  492           5 
  493           1 
  494           1 
  495           0 
  496           0 
  497           0 
  498           4 
  499           0 
  500           0 
  501           1 
  502           0 
  503           0 
  504           0 
  505           0 
  506           0 
  507           0 
  508           0 
  509           0 
  510           0 
  511           0 
  512           0 
