    1           0 
    2           0 
    3          11 
    4          23 
    5          31 
    6          22 
    7          28 
    8          24 
    9          12 
   10          15 
   11          15 
   12          15 
   13          13 
   14          14 
   15          16 
   16          13 
   17           9 
   18          19 
   19          14 
   20          12 
   21          18 
   22           8 
   23          11 
   24           9 
   25          12 
   26           9 
   27          11 
   28           7 
   29           5 
   30          10 
   31           6 
   32          11 
   33           9 
   34           4 
   35           7 
   36           8 
   37           8 
   38          10 
   39          12 
   40          13 
   41          11 
   42           8 
   43           5 
   44          16 
   45          11 
   46          12 
   47          11 
   48           8 
   49           6 
   50          11 
   51          12 
   52           7 
   53           7 
   54          12 
   55          10 
   56           9 
   57           9 
   58           4 
   59          10 
   60           9 
   61           8 
   62          13 
   63           7 
   64           5 
   65          10 
   66           6 
   67           9 
   68           5 
   69           2 
   70           7 
   71           9 
   72           9 
   73           5 
   74           2 
   75           9 
   76           5 
   77           3 
   78           2 
   79           9 
   80           4 
   81           9 
   82           7 
   83           3 
   84           3 
   85           4 
   86           9 
   87           4 
   88           2 
   89           5 
   90           2 
   91           4 
   92           4 
   93           7 
   94           3 
   95           5 
   96          11 
   97           6 
   98          12 
   99           5 
  100           4 
  101           5 
  102           7 
  103           3 
  104           1 
  105           4 
  106           6 
  107           6 
  108           1 
  109           0 
  110           0 
  111           4 
  112           9 
  113           1 
  114           2 
  115           5 
  116           5 
  117           3 
  118           3 
  119           4 
  120           4 
  121           4 
  122           4 
  123           2 
  124           2 
  125           5 
  126           6 
  127           4 
  128           3 
  129           3 
  130           2 
  131           0 
  132           3 
  133           4 
  134           3 
  135           6 
  136           2 
  137           5 
  138           3 
  139           3 
  140           4 
  141           3 
  142           2 
  143           5 
  144           1 
  145           3 
  146           1 
  147           6 
  148           2 
  149           3 
  150           3 
  151           3 
  152           4 
  153           5 
  154           0 
  155           3 
  156           0 
  157           2 
  158           3 
  159           0 
  160           1 
  161           2 
  162           2 
  163           0 
  164           6 
  165           1 
  166           1 
  167           5 
  168           2 
  169           1 
  170           0 
  171           2 
  172           6 
  173           1 
  174           2 
  175           1 
  176           4 
  177           0 
  178           3 
  179           4 
  180           1 
  181           0 
  182           2 
  183           2 
  184           1 
  185           1 
  186           1 
  187           6 
  188           1 
  189           1 
  190           2 
  191           1 
  192           2 
  193           1 
  194           2 
  195           3 
  196           3 
  197           0 
  198           1 
  199           0 
  200           1 
  201           3 
  202           3 
  203           2 
  204           1 
  205           4 
  206           0 
  207           0 
  208           1 
  209           3 
  210           2 
  211           3 
  212           0 
  213           2 
  214           1 
  215           3 
  216           1 
  217           3 
  218           1 
  219           2 
  220           3 
  221           0 
  222           0 
  223           1 
  224           0 
  225           2 
  226           1 
  227           6 
  228           0 
  229           2 
  230           2 
  231           3 
  232           3 
  233           4 
  234           1 
  235           0 
  236           0 
  237           2 
  238           3 
  239           1 
  240           2 
  241           1 
  242           2 
  243           3 
  244           0 
  245           2 
  246           2 
  247           0 
  248           1 
  249           1 
  250           1 
  251           0 
  252           0 
  253           2 
  254           2 
  255           2 
  256           3 
  257           1 
  258           1 
  259           1 
  260           1 
  261           0 
  262           0 
  263           0 
  264           0 
  265           1 
  266           0 
  267           1 
  268           2 
  269           2 
  270           1 
  271           0 
  272           1 
  273           1 
  274           0 
  275           1 
  276           1 
  277           1 
  278           2 
  279           2 
  280           1 
  281           1 
  282           0 
  283           0 
  284           1 
  285           0 
  286           2 
  287           1 
  288           6 
  289           2 
  290           0 
  291           1 
  292           1 
  293           1 
  294           1 
  295           2 
  296           2 
  297           1 
  298           4 
  299           2 
  300           2 
  301           3 
  302           1 
  303           0 
  304           0 
  305           2 
  306           1 
  307           1 
  308           0 
  309           1 
  310           2 
  311           0 
  312           1 
  313           0 
  314           3 
  315           0 
  316           0 
  317           1 
  318           0 
  319           0 
  320           2 
  321           1 
  322           0 
  323           1 
  324           1 
  325           0 
  326           0 
  327           0 
  328           1 
  329           0 
  330           1 
  331           0 
  332           1 
  333           0 
  334           0 
  335           0 
  336           1 
  337           1 
  338           3 
  339           2 
  340           0 
  341           0 
  342           0 
  343           0 
  344           2 
  345           0 
  346           1 
  347           1 
  348           0 
  349           1 
  350           3 
  351           1 
  352           1 
  353           2 
  354           1 
  355           1 
  356           1 
  357           2 
  358           0 
  359           0 
  360           1 
  361           2 
  362           0 
  363           0 
  364           3 
  365           2 
  366           0 
  367           0 
  368           1 
  369           1 
  370           0 
  371           2 
  372           1 
  373           1 
  374           1 
  375           1 
  376           3 
  377           1 
  378           0 
  379           2 
  380           1 
  381           3 
  382           0 
  383           0 
  384           0 
  385           1 
  386           0 
  387           2 
  388           0 
  389           1 
  390           2 
  391           0 
  392           2 
  393           2 
  394           0 
  395           1 
  396           2 
  397           1 
  398           2 
  399           0 
  400           0 
  401           1 
  402           1 
  403           0 
  404           2 
  405           0 
  406           0 
  407           0 
  408           2 
  409           0 
  410           0 
  411           0 
  412           1 
  413           0 
  414           1 
  415           0 
  416           1 
  417           1 
  418           1 
  419           0 
  420           0 
  421           1 
  422           2 
  423           1 
  424           0 
  425           0 
  426           0 
  427           1 
  428           0 
  429           0 
  430           1 
  431           1 
  432           1 
  433           1 
  434           0 
  435           0 
  436           0 
  437           0 
  438           1 
  439           1 
  440           0 
  441           2 
  442           0 
  443           1 
  444           0 
  445           1 
  446           0 
  447           1 
  448           0 
  449           0 
  450           1 
  451           1 
  452           0 
  453           1 
  454           0 
  455           2 
  456           0 
  457           1 
  458           0 
  459           1 
  460           0 
  461           2 
  462           1 
  463           1 
  464           0 
  465           0 
  466           1 
  467           2 
  468           1 
  469           2 
  470           0 
  471           4 
  472           0 
  473           3 
  474           1 
  475           1 
  476           0 
  477           1 
  478           1 
  479           3 
  480           1 
  481           1 
  482           1 
  483           0 
  484           3 
  485           1 
  486           2 
  487           0 
  488           1 
  489           1 
  490           0 
  491           0 
  492           0 
  493           1 
  494           0 
  495           1 
  496           0 
  497           1 
  498           0 
  499           2 
  500           0 
  501           0 
  502           0 
  503           0 
  504           0 
  505           0 
  506           0 
  507           0 
  508           0 
  509           0 
  510           0 
  511           0 
  512           0 
