    1           0 
    2           0 
    3           0 
    4           0 
    5           0 
    6           1 
    7           6 
    8          16 
    9          26 
   10          41 
   11          40 
   12          31 
   13          29 
   14          35 
   15          33 
   16          26 
   17          24 
   18          21 
   19          28 
   20          28 
   21          29 
   22          19 
   23          21 
   24          14 
   25          17 
   26          17 
   27          20 
   28          13 
   29          16 
   30          21 
   31          17 
   32          11 
   33          18 
   34          15 
   35          17 
   36          21 
   37          15 
   38          11 
   39          14 
   40          22 
   41           9 
   42          12 
   43          19 
   44           9 
   45           4 
   46          24 
   47           9 
   48           8 
   49          21 
   50           7 
   51           3 
   52          11 
   53          12 
   54          11 
   55           9 
   56           2 
   57           5 
   58          11 
   59          13 
   60           9 
   61          12 
   62           5 
   63          13 
   64           3 
   65          11 
   66           6 
   67          13 
   68           9 
   69          10 
   70          11 
   71           5 
   72           9 
   73           4 
   74          10 
   75          10 
   76           9 
   77           7 
   78           4 
   79           9 
   80           5 
   81           8 
   82           3 
   83           6 
   84           5 
   85          10 
   86           9 
   87           4 
   88           7 
   89           5 
   90           8 
   91           9 
   92           5 
   93           9 
   94           6 
   95           4 
   96           7 
   97           5 
   98           9 
   99           8 
  100           4 
  101           7 
  102           2 
  103           3 
  104           9 
  105           4 
  106           6 
  107           4 
  108           4 
  109           5 
  110           4 
  111           2 
  112           5 
  113           7 
  114           2 
  115           5 
  116           2 
  117           1 
  118           6 
  119           4 
  120           4 
  121           5 
  122           2 
  123           2 
  124           3 
  125           5 
  126           4 
  127           1 
  128           4 
  129           6 
  130           2 
  131           8 
  132           4 
  133           3 
  134           2 
  135           3 
  136           6 
  137           2 
  138           0 
  139           3 
  140           4 
  141           2 
  142           3 
  143           0 
  144           3 
  145           4 
  146           1 
  147           0 
  148           5 
  149           6 
  150           3 
  151           9 
  152           3 
  153           5 
  154           3 
  155           4 
  156           3 
  157           2 
  158           1 
  159           4 
  160           5 
  161           1 
  162           1 
  163           1 
  164           2 
  165           2 
  166           2 
  167           1 
  168           6 
  169           2 
  170           2 
  171           4 
  172           3 
  173           2 
  174           4 
  175           1 
  176           1 
  177           3 
  178           4 
  179           6 
  180           1 
  181           1 
  182           2 
  183           1 
  184           2 
  185           1 
  186           1 
  187           2 
  188           2 
  189           3 
  190           1 
  191           2 
  192           6 
  193           2 
  194           4 
  195           2 
  196           4 
  197           2 
  198           2 
  199           1 
  200           3 
  201           1 
  202           0 
  203           1 
  204           3 
  205           1 
  206           0 
  207           4 
  208           3 
  209           2 
  210           2 
  211           0 
  212           1 
  213           1 
  214           2 
  215           1 
  216           5 
  217           2 
  218           4 
  219           3 
  220           1 
  221           1 
  222           2 
  223           1 
  224           2 
  225           2 
  226           4 
  227           2 
  228           4 
  229           3 
  230           0 
  231           1 
  232           3 
  233           6 
  234           1 
  235           1 
  236           1 
  237           3 
  238           0 
  239           5 
  240           1 
  241           4 
  242           1 
  243           2 
  244           3 
  245           3 
  246           1 
  247           2 
  248           3 
  249           1 
  250           1 
  251           2 
  252           3 
  253           0 
  254           0 
  255           5 
  256           2 
  257           1 
  258           1 
  259           3 
  260           3 
  261           1 
  262           3 
  263           2 
  264           2 
  265           5 
  266           0 
  267           2 
  268           2 
  269           3 
  270           3 
  271           0 
  272           1 
  273           1 
  274           9 
  275           3 
  276           1 
  277           2 
  278           1 
  279           3 
  280           0 
  281           0 
  282           0 
  283           2 
  284           1 
  285           2 
  286           2 
  287           1 
  288           1 
  289           1 
  290           1 
  291           2 
  292           0 
  293           1 
  294           4 
  295           2 
  296           0 
  297           0 
  298           1 
  299           1 
  300           3 
  301           2 
  302           2 
  303           4 
  304           1 
  305           0 
  306           2 
  307           4 
  308           3 
  309           2 
  310           2 
  311           2 
  312           1 
  313           0 
  314           2 
  315           1 
  316           5 
  317           1 
  318           1 
  319           0 
  320           1 
  321           1 
  322           2 
  323           2 
  324           1 
  325           3 
  326           3 
  327           1 
  328           1 
  329           0 
  330           5 
  331           0 
  332           3 
  333           0 
  334           0 
  335           1 
  336           1 
  337           2 
  338           1 
  339           3 
  340           1 
  341           2 
  342           0 
  343           0 
  344           2 
  345           0 
  346           3 
  347           1 
  348           4 
  349           2 
  350           1 
  351           2 
  352           4 
  353           0 
  354           2 
  355           0 
  356           1 
  357           2 
  358           2 
  359           1 
  360           2 
  361           2 
  362           2 
  363           0 
  364           1 
  365           2 
  366           2 
  367           2 
  368           0 
  369           2 
  370           1 
  371           1 
  372           0 
  373           0 
  374           0 
  375           1 
  376           5 
  377           0 
  378           2 
  379           1 
  380           0 
  381           2 
  382           2 
  383           3 
  384           3 
  385           1 
  386           1 
  387           4 
  388           3 
  389           0 
  390           2 
  391           5 
  392           4 
  393           1 
  394           1 
  395           2 
  396           2 
  397           4 
  398           2 
  399           2 
  400           0 
  401           1 
  402           5 
  403           1 
  404           3 
  405           1 
  406           2 
  407           1 
  408           1 
  409           2 
  410           1 
  411           1 
  412           0 
  413           2 
  414           1 
  415           4 
  416           3 
  417           2 
  418           0 
  419           2 
  420           0 
  421           2 
  422           3 
  423           0 
  424           0 
  425           1 
  426           2 
  427           5 
  428           2 
  429           5 
  430           3 
  431           0 
  432           1 
  433           1 
  434           3 
  435           1 
  436           2 
  437           2 
  438           1 
  439           3 
  440           2 
  441           0 
  442           2 
  443           3 
  444           2 
  445           4 
  446           2 
  447           0 
  448           2 
  449           0 
  450           2 
  451           3 
  452           0 
  453           1 
  454           4 
  455           0 
  456           2 
  457           2 
  458           0 
  459           1 
  460           1 
  461           1 
  462           1 
  463           1 
  464           2 
  465           4 
  466           0 
  467           0 
  468           0 
  469           3 
  470           2 
  471           3 
  472           2 
  473           0 
  474           1 
  475           4 
  476           0 
  477           0 
  478           3 
  479           0 
  480           2 
  481           1 
  482           1 
  483           0 
  484           0 
  485           0 
  486           0 
  487           0 
  488           0 
  489           0 
  490           0 
  491           0 
  492           0 
  493           0 
  494           0 
  495           0 
  496           0 
  497           0 
  498           0 
  499           0 
  500           0 
  501           0 
  502           0 
  503           0 
  504           0 
  505           0 
  506           0 
  507           0 
  508           0 
  509           0 
  510           0 
  511           0 
  512           0 
