    1           0 
    2           0 
    3          15 
    4          56 
    5          66 
    6          68 
    7          76 
    8          60 
    9          40 
   10          40 
   11          33 
   12          38 
   13          32 
   14          26 
   15          46 
   16          33 
   17          31 
   18          36 
   19          29 
   20          28 
   21          25 
   22          25 
   23          27 
   24          28 
   25          27 
   26          32 
   27          26 
   28          22 
   29          30 
   30          28 
   31          19 
   32          22 
   33          13 
   34          21 
   35          17 
   36          17 
   37          21 
   38          29 
   39          23 
   40          25 
   41          24 
   42          23 
   43          20 
   44          19 
   45          17 
   46          21 
   47          19 
   48          10 
   49          17 
   50          11 
   51          22 
   52          25 
   53          17 
   54          15 
   55          15 
   56          25 
   57          20 
   58          12 
   59          18 
   60          21 
   61          11 
   62          22 
   63          14 
   64          21 
   65          13 
   66          11 
   67           5 
   68          10 
   69          18 
   70           6 
   71          15 
   72           5 
   73          20 
   74          18 
   75          14 
   76          11 
   77          14 
   78          11 
   79          10 
   80           9 
   81          15 
   82          11 
   83          15 
   84          12 
   85          13 
   86          13 
   87          12 
   88          10 
   89          12 
   90          13 
   91          11 
   92           9 
   93          15 
   94          12 
   95          10 
   96           8 
   97           9 
   98           8 
   99          12 
  100           6 
  101           9 
  102           4 
  103          10 
  104           9 
  105          13 
  106           7 
  107           9 
  108          11 
  109          12 
  110           8 
  111           7 
  112          10 
  113           8 
  114           4 
  115          10 
  116           5 
  117           6 
  118          12 
  119           7 
  120           4 
  121           7 
  122          13 
  123           5 
  124           9 
  125          10 
  126           4 
  127           5 
  128           7 
  129          10 
  130           9 
  131           6 
  132           7 
  133          11 
  134           6 
  135           6 
  136           5 
  137          10 
  138           7 
  139           5 
  140          10 
  141           6 
  142           5 
  143           4 
  144           6 
  145           9 
  146           7 
  147           6 
  148           8 
  149           5 
  150           6 
  151          10 
  152           7 
  153           5 
  154           7 
  155           4 
  156           3 
  157           6 
  158           7 
  159           7 
  160           5 
  161           7 
  162           6 
  163           2 
  164           8 
  165           5 
  166           2 
  167           5 
  168           6 
  169           6 
  170           9 
  171           2 
  172           5 
  173           3 
  174           3 
  175           3 
  176           6 
  177           5 
  178           6 
  179           9 
  180           5 
  181           3 
  182           9 
  183           3 
  184           8 
  185           1 
  186           5 
  187           9 
  188           6 
  189           2 
  190           5 
  191           7 
  192           6 
  193           8 
  194           5 
  195           4 
  196           4 
  197           2 
  198           0 
  199           4 
  200           3 
  201           3 
  202           6 
  203           1 
  204           4 
  205           5 
  206           9 
  207           3 
  208           9 
  209           3 
  210           0 
  211           5 
  212           1 
  213           4 
  214           3 
  215           0 
  216           6 
  217           5 
  218           5 
  219           4 
  220           4 
  221           5 
  222           5 
  223           3 
  224           1 
  225           0 
  226           5 
  227           1 
  228           3 
  229           5 
  230           3 
  231           2 
  232           2 
  233           3 
  234           0 
  235           3 
  236           6 
  237           1 
  238           3 
  239           3 
  240           5 
  241           1 
  242           4 
  243           2 
  244           4 
  245           3 
  246           3 
  247           2 
  248           3 
  249           1 
  250           5 
  251           2 
  252           2 
  253           3 
  254           3 
  255           1 
  256           4 
  257           0 
  258           2 
  259           3 
  260           3 
  261           5 
  262           2 
  263           5 
  264           3 
  265           6 
  266           5 
  267           5 
  268           5 
  269           2 
  270           1 
  271           2 
  272           2 
  273           2 
  274           3 
  275           6 
  276           7 
  277           4 
  278           4 
  279           7 
  280           4 
  281           3 
  282           1 
  283           4 
  284           6 
  285           1 
  286           5 
  287           2 
  288           1 
  289           2 
  290           5 
  291           3 
  292           0 
  293           2 
  294           7 
  295           2 
  296           6 
  297           2 
  298           1 
  299           3 
  300           4 
  301           3 
  302           2 
  303           2 
  304           2 
  305           1 
  306           3 
  307           4 
  308           2 
  309           4 
  310           2 
  311           1 
  312           4 
  313           3 
  314           2 
  315           3 
  316           4 
  317           3 
  318           2 
  319           1 
  320           6 
  321           3 
  322           3 
  323           0 
  324           1 
  325           5 
  326           3 
  327           3 
  328           1 
  329           2 
  330           2 
  331           1 
  332           3 
  333           2 
  334           1 
  335           3 
  336           1 
  337           2 
  338           6 
  339           0 
  340           3 
  341           2 
  342           7 
  343           2 
  344           1 
  345           4 
  346           3 
  347           2 
  348           1 
  349           1 
  350           3 
  351           2 
  352           2 
  353           1 
  354           5 
  355           0 
  356           2 
  357           2 
  358           2 
  359           3 
  360           0 
  361           3 
  362           1 
  363           1 
  364           5 
  365           2 
  366           2 
  367           2 
  368           1 
  369           1 
  370           1 
  371           6 
  372           1 
  373           2 
  374           2 
  375           1 
  376           1 
  377           5 
  378           0 
  379           1 
  380           2 
  381           4 
  382           2 
  383           1 
  384           4 
  385           0 
  386           4 
  387           2 
  388           1 
  389           3 
  390           2 
  391           3 
  392           2 
  393           0 
  394           1 
  395           3 
  396           3 
  397           2 
  398           0 
  399           4 
  400           2 
  401           3 
  402           7 
  403           3 
  404           0 
  405           5 
  406           2 
  407           0 
  408           3 
  409           2 
  410           3 
  411           3 
  412           1 
  413           3 
  414           3 
  415           4 
  416           2 
  417           2 
  418           1 
  419           0 
  420           2 
  421           1 
  422           2 
  423           3 
  424           7 
  425           4 
  426           3 
  427           2 
  428           2 
  429           1 
  430           4 
  431           2 
  432           5 
  433           5 
  434           0 
  435           5 
  436           4 
  437           1 
  438           1 
  439           2 
  440           1 
  441           0 
  442           1 
  443           2 
  444           3 
  445           3 
  446           2 
  447           1 
  448           2 
  449           2 
  450           1 
  451           1 
  452           3 
  453           1 
  454           1 
  455           2 
  456           1 
  457           5 
  458           3 
  459           2 
  460           4 
  461           2 
  462           2 
  463           1 
  464           3 
  465           3 
  466           3 
  467           5 
  468           3 
  469           3 
  470           4 
  471           2 
  472           3 
  473           2 
  474           3 
  475           4 
  476           4 
  477           1 
  478           0 
  479           3 
  480           1 
  481           5 
  482           1 
  483           1 
  484           1 
  485           3 
  486           2 
  487           2 
  488           2 
  489           1 
  490           3 
  491           0 
  492           4 
  493           2 
  494           1 
  495           2 
  496           3 
  497           2 
  498           1 
  499           5 
  500           0 
  501           0 
  502           0 
  503           0 
  504           0 
  505           0 
  506           0 
  507           0 
  508           0 
  509           0 
  510           0 
  511           0 
  512           0 
