    1           0 
    2           0 
    3           3 
    4          38 
    5          28 
    6          33 
    7          31 
    8          23 
    9          17 
   10          25 
   11          20 
   12          21 
   13          21 
   14          29 
   15          17 
   16          20 
   17          16 
   18          12 
   19          11 
   20          17 
   21          14 
   22          18 
   23          12 
   24          11 
   25          12 
   26          15 
   27           9 
   28          13 
   29          11 
   30           9 
   31          12 
   32           5 
   33          20 
   34           9 
   35           7 
   36          15 
   37          19 
   38           9 
   39          13 
   40          10 
   41          12 
   42           7 
   43          13 
   44          10 
   45           7 
   46          10 
   47           8 
   48           6 
   49          12 
   50           9 
   51           6 
   52           6 
   53          12 
   54           5 
   55           7 
   56           4 
   57           7 
   58           5 
   59           5 
   60          11 
   61          10 
   62           3 
   63           6 
   64           5 
   65           2 
   66           7 
   67           9 
   68           9 
   69           6 
   70           6 
   71           5 
   72           7 
   73           5 
   74           9 
   75           5 
   76           5 
   77           9 
   78           2 
   79          10 
   80           4 
   81           5 
   82           9 
   83           4 
   84           3 
   85           6 
   86           4 
   87           8 
   88           7 
   89           8 
   90           8 
   91          10 
   92           6 
   93           3 
   94           4 
   95           5 
   96           3 
   97           4 
   98           5 
   99           5 
  100           8 
  101           5 
  102           6 
  103           3 
  104           4 
  105           4 
  106           6 
  107           2 
  108           5 
  109           7 
  110           6 
  111           8 
  112           2 
  113           2 
  114           3 
  115           6 
  116           3 
  117           7 
  118           4 
  119           1 
  120           4 
  121           3 
  122           7 
  123           3 
  124           7 
  125           9 
  126           3 
  127           4 
  128           4 
  129           5 
  130           0 
  131           8 
  132           4 
  133           1 
  134           2 
  135           4 
  136           6 
  137           4 
  138           2 
  139           7 
  140           0 
  141           8 
  142           6 
  143           6 
  144           6 
  145           2 
  146           2 
  147           1 
  148           4 
  149           1 
  150           4 
  151           3 
  152           1 
  153           2 
  154           2 
  155           3 
  156           4 
  157           4 
  158           1 
  159           3 
  160           3 
  161           3 
  162           2 
  163           3 
  164           4 
  165           2 
  166           4 
  167           0 
  168           1 
  169           2 
  170           3 
  171           2 
  172           5 
  173           0 
  174           0 
  175           2 
  176           3 
  177           2 
  178           1 
  179           1 
  180           1 
  181           3 
  182           2 
  183           2 
  184           1 
  185           5 
  186           2 
  187           1 
  188           1 
  189           1 
  190           3 
  191           3 
  192           2 
  193           4 
  194           0 
  195           0 
  196           4 
  197           1 
  198           2 
  199           0 
  200           1 
  201           1 
  202           4 
  203           3 
  204           2 
  205           3 
  206           2 
  207           1 
  208           3 
  209           0 
  210           2 
  211           0 
  212           1 
  213           1 
  214           2 
  215           5 
  216           3 
  217           1 
  218           1 
  219           4 
  220           2 
  221           2 
  222           2 
  223           0 
  224           2 
  225           4 
  226           3 
  227           3 
  228           4 
  229           3 
  230           2 
  231           2 
  232           3 
  233           3 
  234           1 
  235           0 
  236           0 
  237           0 
  238           2 
  239           2 
  240           1 
  241           2 
  242           4 
  243           2 
  244           3 
  245           0 
  246           4 
  247           1 
  248           3 
  249           1 
  250           0 
  251           3 
  252           3 
  253           0 
  254           3 
  255           3 
  256           1 
  257           1 
  258           3 
  259           0 
  260           2 
  261           4 
  262           5 
  263           3 
  264           2 
  265           1 
  266           0 
  267           2 
  268           2 
  269           1 
  270           0 
  271           2 
  272           1 
  273           0 
  274           4 
  275           2 
  276           1 
  277           1 
  278           2 
  279           1 
  280           1 
  281           0 
  282           0 
  283           1 
  284           2 
  285           1 
  286           2 
  287           2 
  288           4 
  289           2 
  290           3 
  291           4 
  292           0 
  293           1 
  294           0 
  295           1 
  296           2 
  297           1 
  298           0 
  299           2 
  300           0 
  301           1 
  302           1 
  303           3 
  304           2 
  305           4 
  306           2 
  307           0 
  308           1 
  309           3 
  310           2 
  311           3 
  312           3 
  313           3 
  314           1 
  315           0 
  316           2 
  317           0 
  318           1 
  319           1 
  320           2 
  321           3 
  322           3 
  323           2 
  324           3 
  325           1 
  326           2 
  327           3 
  328           0 
  329           3 
  330           2 
  331           1 
  332           1 
  333           1 
  334           1 
  335           1 
  336           1 
  337           0 
  338           4 
  339           3 
  340           3 
  341           0 
  342           1 
  343           1 
  344           1 
  345           2 
  346           1 
  347           2 
  348           3 
  349           7 
  350           1 
  351           1 
  352           0 
  353           0 
  354           2 
  355           1 
  356           4 
  357           0 
  358           2 
  359           1 
  360           3 
  361           0 
  362           1 
  363           1 
  364           2 
  365           2 
  366           0 
  367           0 
  368           0 
  369           2 
  370           1 
  371           0 
  372           0 
  373           2 
  374           0 
  375           1 
  376           1 
  377           2 
  378           1 
  379           1 
  380           3 
  381           4 
  382           2 
  383           2 
  384           4 
  385           3 
  386           1 
  387           1 
  388           1 
  389           0 
  390           1 
  391           3 
  392           1 
  393           2 
  394           0 
  395           0 
  396           0 
  397           0 
  398           0 
  399           2 
  400           3 
  401           0 
  402           0 
  403           2 
  404           2 
  405           0 
  406           0 
  407           1 
  408           0 
  409           3 
  410           3 
  411           0 
  412           2 
  413           2 
  414           1 
  415           1 
  416           2 
  417           1 
  418           3 
  419           2 
  420           1 
  421           0 
  422           1 
  423           0 
  424           0 
  425           4 
  426           2 
  427           0 
  428           1 
  429           1 
  430           2 
  431           0 
  432           2 
  433           0 
  434           0 
  435           3 
  436           2 
  437           1 
  438           3 
  439           1 
  440           2 
  441           3 
  442           4 
  443           1 
  444           1 
  445           2 
  446           5 
  447           1 
  448           1 
  449           1 
  450           2 
  451           2 
  452           2 
  453           1 
  454           0 
  455           2 
  456           1 
  457           1 
  458           1 
  459           2 
  460           2 
  461           1 
  462           0 
  463           2 
  464           2 
  465           1 
  466           1 
  467           1 
  468           0 
  469           0 
  470           1 
  471           0 
  472           0 
  473           0 
  474           1 
  475           2 
  476           0 
  477           0 
  478           0 
  479           2 
  480           0 
  481           1 
  482           2 
  483           1 
  484           2 
  485           1 
  486           2 
  487           0 
  488           1 
  489           1 
  490           1 
  491           3 
  492           3 
  493           1 
  494           1 
  495           3 
  496           2 
  497           1 
  498           1 
  499           1 
  500           2 
  501           0 
  502           0 
  503           0 
  504           0 
  505           0 
  506           0 
  507           0 
  508           0 
  509           0 
  510           0 
  511           0 
  512           0 
