    1           0 
    2           0 
    3           0 
    4           0 
    5           1 
    6           4 
    7          14 
    8          28 
    9          69 
   10          89 
   11          91 
   12         104 
   13          80 
   14          93 
   15          67 
   16          72 
   17          75 
   18          72 
   19          71 
   20          70 
   21          69 
   22          49 
   23          67 
   24          56 
   25          63 
   26          43 
   27          48 
   28          63 
   29          44 
   30          58 
   31          45 
   32          58 
   33          37 
   34          36 
   35          43 
   36          38 
   37          41 
   38          46 
   39          51 
   40          35 
   41          38 
   42          39 
   43          48 
   44          40 
   45          34 
   46          38 
   47          27 
   48          29 
   49          39 
   50          41 
   51          31 
   52          34 
   53          39 
   54          35 
   55          32 
   56          26 
   57          26 
   58          31 
   59          33 
   60          33 
   61          27 
   62          29 
   63          33 
   64          21 
   65          32 
   66          23 
   67          31 
   68          24 
   69          25 
   70          27 
   71          15 
   72          22 
   73          27 
   74          22 
   75          13 
   76          21 
   77          23 
   78          26 
   79          19 
   80          15 
   81          22 
   82          24 
   83          14 
   84          15 
   85          20 
   86          15 
   87          19 
   88          20 
   89          23 
   90          18 
   91          31 
   92          11 
   93          14 
   94          15 
   95           8 
   96          16 
   97          19 
   98          23 
   99          24 
  100          17 
  101          15 
  102           7 
  103          14 
  104          12 
  105          20 
  106          18 
  107          10 
  108          14 
  109          15 
  110           8 
  111          14 
  112          11 
  113          19 
  114          16 
  115          11 
  116          17 
  117          13 
  118          12 
  119          11 
  120           8 
  121          13 
  122          16 
  123          14 
  124          13 
  125           6 
  126          12 
  127          19 
  128          19 
  129           5 
  130          11 
  131           9 
  132           9 
  133          10 
  134          16 
  135           6 
  136          10 
  137           9 
  138          11 
  139          16 
  140          10 
  141          12 
  142          11 
  143          14 
  144          15 
  145          13 
  146          14 
  147          11 
  148           9 
  149          11 
  150           9 
  151           6 
  152          12 
  153           7 
  154          11 
  155           9 
  156          12 
  157          12 
  158           7 
  159          12 
  160           7 
  161          10 
  162           8 
  163           7 
  164          10 
  165          11 
  166           8 
  167           9 
  168           6 
  169           3 
  170          10 
  171           7 
  172          11 
  173           2 
  174           2 
  175           6 
  176          12 
  177           5 
  178           3 
  179          10 
  180           8 
  181           8 
  182           8 
  183           4 
  184           4 
  185           9 
  186           4 
  187           7 
  188           5 
  189           9 
  190           6 
  191           8 
  192           8 
  193           7 
  194          10 
  195           5 
  196          10 
  197           9 
  198           4 
  199           5 
  200          10 
  201          12 
  202           4 
  203           3 
  204           7 
  205          10 
  206           7 
  207           5 
  208           7 
  209           6 
  210           2 
  211          11 
  212           4 
  213           6 
  214           4 
  215           8 
  216           6 
  217           5 
  218           8 
  219          10 
  220           9 
  221           4 
  222           9 
  223           6 
  224           6 
  225           4 
  226           3 
  227           7 
  228           6 
  229           3 
  230           4 
  231           5 
  232           9 
  233           3 
  234           7 
  235          11 
  236           9 
  237           5 
  238           4 
  239           7 
  240           8 
  241           5 
  242           5 
  243           6 
  244           5 
  245           4 
  246           1 
  247           5 
  248           6 
  249           5 
  250           4 
  251           2 
  252           7 
  253          10 
  254           5 
  255           2 
  256           8 
  257           5 
  258          11 
  259           4 
  260           6 
  261           5 
  262          11 
  263           6 
  264           3 
  265           8 
  266           6 
  267           4 
  268           5 
  269           5 
  270           6 
  271           8 
  272           7 
  273           5 
  274           7 
  275           9 
  276           4 
  277           2 
  278           4 
  279           6 
  280           7 
  281           2 
  282           8 
  283           7 
  284           2 
  285           6 
  286           4 
  287           3 
  288           5 
  289           4 
  290           4 
  291           5 
  292           3 
  293           7 
  294           6 
  295           8 
  296           5 
  297           4 
  298           2 
  299           8 
  300           9 
  301           3 
  302           0 
  303           4 
  304           8 
  305           5 
  306           4 
  307          12 
  308           8 
  309           5 
  310           3 
  311           5 
  312           3 
  313           7 
  314           8 
  315           6 
  316           5 
  317           5 
  318           5 
  319           4 
  320           8 
  321           1 
  322           6 
  323           3 
  324           6 
  325           5 
  326           6 
  327           4 
  328           1 
  329           1 
  330           8 
  331           5 
  332           2 
  333           4 
  334           6 
  335           4 
  336           7 
  337           4 
  338          11 
  339           8 
  340           2 
  341           8 
  342           5 
  343           6 
  344           8 
  345           5 
  346           2 
  347           4 
  348           4 
  349           5 
  350           6 
  351           4 
  352           4 
  353           4 
  354           4 
  355           6 
  356           5 
  357           3 
  358           5 
  359           7 
  360           0 
  361           4 
  362           4 
  363           2 
  364          10 
  365           4 
  366           4 
  367           4 
  368           4 
  369           4 
  370           9 
  371           6 
  372           8 
  373           6 
  374           1 
  375           5 
  376           3 
  377           5 
  378           4 
  379           1 
  380           9 
  381           5 
  382           5 
  383           6 
  384           5 
  385           4 
  386           4 
  387           3 
  388           6 
  389           4 
  390           7 
  391           6 
  392           3 
  393           1 
  394           8 
  395           3 
  396           8 
  397           5 
  398           8 
  399           4 
  400           5 
  401           4 
  402           2 
  403           2 
  404           9 
  405           2 
  406           1 
  407           7 
  408           5 
  409           4 
  410           6 
  411           7 
  412           2 
  413           5 
  414           8 
  415           6 
  416           5 
  417           3 
  418           7 
  419           2 
  420           3 
  421           3 
  422           1 
  423           4 
  424           3 
  425           4 
  426           3 
  427           1 
  428           3 
  429           5 
  430           6 
  431           3 
  432           1 
  433           6 
  434           5 
  435           4 
  436           2 
  437           3 
  438           8 
  439           7 
  440           7 
  441           3 
  442           6 
  443           5 
  444           4 
  445           7 
  446           3 
  447           7 
  448           4 
  449           7 
  450           4 
  451           5 
  452           5 
  453           4 
  454           2 
  455           5 
  456          10 
  457           4 
  458           3 
  459           3 
  460           3 
  461           4 
  462           3 
  463           1 
  464           8 
  465           2 
  466           2 
  467           7 
  468           4 
  469           7 
  470           5 
  471           6 
  472           4 
  473           5 
  474           4 
  475           5 
  476           5 
  477           6 
  478           4 
  479           4 
  480           7 
  481           3 
  482           4 
  483           0 
  484           0 
  485           0 
  486           0 
  487           0 
  488           0 
  489           0 
  490           0 
  491           0 
  492           0 
  493           0 
  494           0 
  495           0 
  496           0 
  497           0 
  498           0 
  499           0 
  500           0 
  501           0 
  502           0 
  503           0 
  504           0 
  505           0 
  506           0 
  507           0 
  508           0 
  509           0 
  510           0 
  511           0 
  512           0 
