    1           0 
    2           0 
    3           0 
    4           0 
    5           0 
    6           1 
    7           5 
    8           8 
    9          17 
   10          20 
   11          26 
   12          19 
   13          19 
   14          19 
   15          17 
   16          26 
   17          14 
   18          19 
   19          15 
   20          14 
   21          18 
   22           9 
   23          11 
   24          11 
   25           9 
   26          12 
   27           9 
   28          12 
   29           7 
   30          14 
   31          14 
   32           9 
   33           6 
   34           8 
   35           8 
   36           6 
   37          14 
   38           6 
   39           9 
   40           9 
   41           3 
   42           5 
   43           7 
   44           8 
   45           6 
   46           7 
   47           6 
   48           8 
   49           3 
   50           6 
   51           5 
   52           4 
   53           4 
   54           6 
   55           4 
   56           7 
   57           5 
   58          10 
   59           7 
   60           5 
   61           7 
   62           7 
   63           4 
   64           6 
   65           4 
   66           5 
   67           5 
   68           6 
   69           8 
   70           6 
   71           6 
   72           1 
   73           4 
   74           6 
   75           4 
   76           1 
   77           7 
   78           8 
   79           3 
   80           3 
   81           5 
   82           8 
   83           5 
   84           6 
   85           1 
   86           7 
   87           2 
   88           2 
   89           4 
   90           3 
   91           4 
   92           3 
   93           5 
   94           3 
   95           4 
   96           6 
   97           3 
   98           6 
   99           5 
  100           3 
  101           2 
  102           6 
  103           2 
  104           2 
  105           2 
  106           1 
  107           4 
  108           0 
  109           1 
  110           2 
  111           4 
  112           2 
  113           3 
  114           7 
  115           2 
  116           3 
  117           1 
  118           4 
  119           2 
  120           1 
  121           2 
  122           2 
  123           2 
  124           3 
  125           1 
  126           1 
  127           2 
  128           3 
  129           5 
  130           4 
  131           1 
  132           2 
  133           3 
  134           0 
  135           3 
  136           6 
  137           1 
  138           1 
  139           3 
  140           3 
  141           3 
  142           1 
  143           1 
  144           0 
  145           0 
  146           0 
  147           3 
  148           2 
  149           2 
  150           3 
  151           2 
  152           2 
  153           2 
  154           2 
  155           2 
  156           4 
  157           0 
  158           1 
  159           2 
  160           1 
  161           2 
  162           4 
  163           0 
  164           1 
  165           1 
  166           2 
  167           2 
  168           0 
  169           2 
  170           2 
  171           1 
  172           0 
  173           3 
  174           0 
  175           2 
  176           5 
  177           1 
  178           1 
  179           0 
  180           1 
  181           1 
  182           2 
  183           4 
  184           0 
  185           3 
  186           1 
  187           1 
  188           1 
  189           0 
  190           2 
  191           2 
  192           0 
  193           1 
  194           2 
  195           1 
  196           0 
  197           2 
  198           2 
  199           0 
  200           1 
  201           0 
  202           3 
  203           3 
  204           4 
  205           2 
  206           1 
  207           1 
  208           1 
  209           1 
  210           2 
  211           1 
  212           3 
  213           0 
  214           0 
  215           0 
  216           2 
  217           1 
  218           3 
  219           3 
  220           0 
  221           1 
  222           3 
  223           0 
  224           2 
  225           0 
  226           1 
  227           1 
  228           0 
  229           0 
  230           2 
  231           0 
  232           1 
  233           2 
  234           1 
  235           1 
  236           1 
  237           1 
  238           1 
  239           1 
  240           2 
  241           1 
  242           1 
  243           2 
  244           0 
  245           1 
  246           4 
  247           0 
  248           1 
  249           1 
  250           1 
  251           1 
  252           2 
  253           4 
  254           3 
  255           4 
  256           0 
  257           1 
  258           1 
  259           1 
  260           3 
  261           4 
  262           0 
  263           4 
  264           3 
  265           1 
  266           2 
  267           1 
  268           0 
  269           2 
  270           0 
  271           1 
  272           0 
  273           0 
  274           1 
  275           0 
  276           1 
  277           1 
  278           0 
  279           2 
  280           3 
  281           0 
  282           0 
  283           0 
  284           2 
  285           0 
  286           3 
  287           2 
  288           0 
  289           2 
  290           0 
  291           0 
  292           0 
  293           0 
  294           1 
  295           1 
  296           0 
  297           0 
  298           1 
  299           1 
  300           0 
  301           1 
  302           2 
  303           0 
  304           1 
  305           0 
  306           2 
  307           0 
  308           1 
  309           1 
  310           2 
  311           0 
  312           1 
  313           3 
  314           2 
  315           1 
  316           1 
  317           0 
  318           0 
  319           1 
  320           1 
  321           1 
  322           0 
  323           0 
  324           0 
  325           2 
  326           0 
  327           3 
  328           0 
  329           1 
  330           2 
  331           0 
  332           0 
  333           3 
  334           3 
  335           2 
  336           1 
  337           1 
  338           0 
  339           0 
  340           0 
  341           2 
  342           0 
  343           2 
  344           0 
  345           0 
  346           1 
  347           1 
  348           1 
  349           0 
  350           0 
  351           0 
  352           1 
  353           2 
  354           2 
  355           1 
  356           1 
  357           0 
  358           0 
  359           1 
  360           0 
  361           0 
  362           0 
  363           0 
  364           0 
  365           1 
  366           1 
  367           0 
  368           0 
  369           1 
  370           3 
  371           1 
  372           2 
  373           1 
  374           2 
  375           0 
  376           1 
  377           2 
  378           1 
  379           0 
  380           1 
  381           0 
  382           0 
  383           1 
  384           0 
  385           0 
  386           0 
  387           1 
  388           1 
  389           1 
  390           0 
  391           0 
  392           1 
  393           2 
  394           0 
  395           0 
  396           3 
  397           2 
  398           0 
  399           0 
  400           1 
  401           1 
  402           2 
  403           0 
  404           1 
  405           0 
  406           1 
  407           0 
  408           3 
  409           1 
  410           1 
  411           0 
  412           0 
  413           2 
  414           1 
  415           4 
  416           4 
  417           1 
  418           0 
  419           2 
  420           1 
  421           0 
  422           0 
  423           1 
  424           0 
  425           1 
  426           1 
  427           0 
  428           3 
  429           0 
  430           1 
  431           0 
  432           0 
  433           0 
  434           3 
  435           0 
  436           0 
  437           1 
  438           1 
  439           2 
  440           1 
  441           1 
  442           0 
  443           1 
  444           1 
  445           0 
  446           2 
  447           0 
  448           0 
  449           0 
  450           0 
  451           1 
  452           2 
  453           0 
  454           1 
  455           2 
  456           1 
  457           2 
  458           0 
  459           2 
  460           0 
  461           0 
  462           2 
  463           3 
  464           1 
  465           2 
  466           1 
  467           3 
  468           1 
  469           0 
  470           2 
  471           0 
  472           2 
  473           0 
  474           0 
  475           0 
  476           1 
  477           1 
  478           0 
  479           1 
  480           1 
  481           1 
  482           1 
  483           0 
  484           0 
  485           0 
  486           0 
  487           0 
  488           0 
  489           0 
  490           0 
  491           0 
  492           0 
  493           0 
  494           0 
  495           0 
  496           0 
  497           0 
  498           0 
  499           0 
  500           0 
  501           0 
  502           0 
  503           0 
  504           0 
  505           0 
  506           0 
  507           0 
  508           0 
  509           0 
  510           0 
  511           0 
  512           0 
