    1           0 
    2           0 
    3           0 
    4           0 
    5           2 
    6           3 
    7           8 
    8          27 
    9          55 
   10          74 
   11          88 
   12          82 
   13          71 
   14          60 
   15          82 
   16          56 
   17          52 
   18          47 
   19          54 
   20          38 
   21          51 
   22          35 
   23          29 
   24          57 
   25          32 
   26          41 
   27          38 
   28          30 
   29          33 
   30          31 
   31          36 
   32          20 
   33          37 
   34          20 
   35          24 
   36          31 
   37          20 
   38          31 
   39          16 
   40          24 
   41          27 
   42          16 
   43          24 
   44          24 
   45          21 
   46          20 
   47          20 
   48          27 
   49          20 
   50          15 
   51          25 
   52          20 
   53          14 
   54          12 
   55          25 
   56          16 
   57          23 
   58          16 
   59          25 
   60          19 
   61          23 
   62          19 
   63          10 
   64          13 
   65          18 
   66          11 
   67          20 
   68          18 
   69          23 
   70          12 
   71          11 
   72          13 
   73           8 
   74          18 
   75          12 
   76          15 
   77          17 
   78          13 
   79          14 
   80          12 
   81          16 
   82          10 
   83           8 
   84           9 
   85           8 
   86          11 
   87           6 
   88          17 
   89          15 
   90          10 
   91          11 
   92          11 
   93          10 
   94           7 
   95          13 
   96          16 
   97          11 
   98          10 
   99          10 
  100          14 
  101          11 
  102           6 
  103           7 
  104          10 
  105           6 
  106          11 
  107           5 
  108           6 
  109          10 
  110           8 
  111           6 
  112          11 
  113           9 
  114           8 
  115           8 
  116           2 
  117          12 
  118           8 
  119           2 
  120           9 
  121          10 
  122           9 
  123          11 
  124           2 
  125           5 
  126           6 
  127           6 
  128           7 
  129          11 
  130           4 
  131           4 
  132           7 
  133           7 
  134           5 
  135           5 
  136          10 
  137           6 
  138           4 
  139           6 
  140           4 
  141           9 
  142           8 
  143           9 
  144           6 
  145           5 
  146           8 
  147           6 
  148           6 
  149           5 
  150           5 
  151           2 
  152           6 
  153           4 
  154           2 
  155           5 
  156           3 
  157           7 
  158           1 
  159           8 
  160           3 
  161           5 
  162           2 
  163           8 
  164           8 
  165           3 
  166           5 
  167           4 
  168           3 
  169           1 
  170           2 
  171           4 
  172           9 
  173           3 
  174           6 
  175           4 
  176           2 
  177           2 
  178           6 
  179           5 
  180           3 
  181           2 
  182           4 
  183           4 
  184           6 
  185           7 
  186           8 
  187           4 
  188           8 
  189           4 
  190           6 
  191           1 
  192           6 
  193           8 
  194           7 
  195           2 
  196           0 
  197           4 
  198           5 
  199           2 
  200           3 
  201           4 
  202           5 
  203           1 
  204           2 
  205           2 
  206           1 
  207           4 
  208           4 
  209           7 
  210           4 
  211           4 
  212           3 
  213           8 
  214           4 
  215           3 
  216           2 
  217           4 
  218           4 
  219          11 
  220           0 
  221           4 
  222           2 
  223           6 
  224           2 
  225           1 
  226           2 
  227           3 
  228           0 
  229           3 
  230           3 
  231           3 
  232           5 
  233           6 
  234           4 
  235           2 
  236           5 
  237           3 
  238           4 
  239           4 
  240           2 
  241           4 
  242           1 
  243           2 
  244           1 
  245           3 
  246           3 
  247           0 
  248           2 
  249           7 
  250           3 
  251           0 
  252           3 
  253           2 
  254           3 
  255           3 
  256           1 
  257           3 
  258           1 
  259           3 
  260           1 
  261           1 
  262           4 
  263           5 
  264           0 
  265           3 
  266           0 
  267           2 
  268           2 
  269           4 
  270           0 
  271           4 
  272           1 
  273           3 
  274           1 
  275           4 
  276           5 
  277           4 
  278           2 
  279           4 
  280           4 
  281           2 
  282           2 
  283           3 
  284           2 
  285           2 
  286           2 
  287           2 
  288           3 
  289           4 
  290           2 
  291           5 
  292           4 
  293           0 
  294           0 
  295           8 
  296           2 
  297           1 
  298           6 
  299           5 
  300           2 
  301           4 
  302           2 
  303           2 
  304           4 
  305           2 
  306           4 
  307           3 
  308           2 
  309           2 
  310           4 
  311           3 
  312           5 
  313           2 
  314           3 
  315           5 
  316           5 
  317           1 
  318           2 
  319           5 
  320           3 
  321           4 
  322           2 
  323           6 
  324           4 
  325           2 
  326           4 
  327           4 
  328           2 
  329           4 
  330           1 
  331           6 
  332           2 
  333           0 
  334           1 
  335           3 
  336           3 
  337           3 
  338           2 
  339           5 
  340           1 
  341           1 
  342           6 
  343           1 
  344           2 
  345           1 
  346           0 
  347           2 
  348           7 
  349           0 
  350           2 
  351           3 
  352           2 
  353           2 
  354           2 
  355           4 
  356           3 
  357           3 
  358           5 
  359           1 
  360           4 
  361           0 
  362           2 
  363           5 
  364           4 
  365           3 
  366           1 
  367           4 
  368           3 
  369           2 
  370           3 
  371           2 
  372           2 
  373           6 
  374           3 
  375           3 
  376           3 
  377           2 
  378           1 
  379           4 
  380           3 
  381           2 
  382           3 
  383           5 
  384           4 
  385           4 
  386           6 
  387           2 
  388           7 
  389           2 
  390           7 
  391           1 
  392           2 
  393           2 
  394           4 
  395           1 
  396           3 
  397           6 
  398           2 
  399           2 
  400           3 
  401           0 
  402           2 
  403           4 
  404           0 
  405           4 
  406           0 
  407           3 
  408           4 
  409           6 
  410           2 
  411           2 
  412           5 
  413           1 
  414           0 
  415           4 
  416           1 
  417           2 
  418           4 
  419           6 
  420           1 
  421           4 
  422           7 
  423           3 
  424           3 
  425           4 
  426           1 
  427           0 
  428           2 
  429           3 
  430           2 
  431           3 
  432           3 
  433           5 
  434           2 
  435           3 
  436           1 
  437           1 
  438           2 
  439           7 
  440           1 
  441           1 
  442           2 
  443           4 
  444           3 
  445           3 
  446           0 
  447           5 
  448           1 
  449           2 
  450           0 
  451           1 
  452           4 
  453           1 
  454           3 
  455           3 
  456           5 
  457           1 
  458           4 
  459           3 
  460           4 
  461           1 
  462           3 
  463           2 
  464           2 
  465           2 
  466           2 
  467           3 
  468           3 
  469           4 
  470           6 
  471           2 
  472           3 
  473           3 
  474           2 
  475           1 
  476           4 
  477           0 
  478           1 
  479           5 
  480           2 
  481           2 
  482           1 
  483           0 
  484           0 
  485           0 
  486           0 
  487           0 
  488           0 
  489           0 
  490           0 
  491           0 
  492           0 
  493           0 
  494           0 
  495           0 
  496           0 
  497           0 
  498           0 
  499           0 
  500           0 
  501           0 
  502           0 
  503           0 
  504           0 
  505           0 
  506           0 
  507           0 
  508           0 
  509           0 
  510           0 
  511           0 
  512           0 
