    1           0 
    2           0 
    3           0 
    4           0 
    5           2 
    6           2 
    7           4 
    8           1 
    9           9 
   10          21 
   11          25 
   12          37 
   13          19 
   14          25 
   15          20 
   16          10 
   17          14 
   18          16 
   19          11 
   20          21 
   21          15 
   22          13 
   23          16 
   24          12 
   25          13 
   26          16 
   27           8 
   28           9 
   29          14 
   30          13 
   31          10 
   32          12 
   33           9 
   34          12 
   35          13 
   36           9 
   37          15 
   38           9 
   39           7 
   40           8 
   41           7 
   42           7 
   43          12 
   44           5 
   45           8 
   46           6 
   47          12 
   48          11 
   49           9 
   50          11 
   51           4 
   52           6 
   53           8 
   54           9 
   55           5 
   56           4 
   57           6 
   58           5 
   59           7 
   60           4 
   61           9 
   62           6 
   63           8 
   64           6 
   65           9 
   66           5 
   67           7 
   68           6 
   69           4 
   70           5 
   71           5 
   72           1 
   73           4 
   74           4 
   75           4 
   76           6 
   77           3 
   78           5 
   79           5 
   80           4 
   81           6 
   82           4 
   83           2 
   84           3 
   85           5 
   86           3 
   87           2 
   88           3 
   89           4 
   90           7 
   91           6 
   92           2 
   93           1 
   94           2 
   95           8 
   96           6 
   97           0 
   98           3 
   99           2 
  100           4 
  101           4 
  102           5 
  103           2 
  104           4 
  105           2 
  106           3 
  107           4 
  108           2 
  109           5 
  110           8 
  111           3 
  112           6 
  113           6 
  114           4 
  115           2 
  116           3 
  117           3 
  118           4 
  119           3 
  120           2 
  121           3 
  122           3 
  123           5 
  124           3 
  125           4 
  126           3 
  127           4 
  128           1 
  129           5 
  130           1 
  131           3 
  132           1 
  133           0 
  134           3 
  135           3 
  136           4 
  137           0 
  138           1 
  139           0 
  140           1 
  141           0 
  142           3 
  143           0 
  144           5 
  145           1 
  146           2 
  147           1 
  148           1 
  149           2 
  150           3 
  151           2 
  152           2 
  153           4 
  154           1 
  155           2 
  156           3 
  157           3 
  158           2 
  159           0 
  160           1 
  161           2 
  162           2 
  163           3 
  164           2 
  165           2 
  166           3 
  167           1 
  168           1 
  169           1 
  170           2 
  171           1 
  172           2 
  173           2 
  174           0 
  175           3 
  176           3 
  177           1 
  178           3 
  179           2 
  180           2 
  181           2 
  182           4 
  183           2 
  184           1 
  185           2 
  186           1 
  187           0 
  188           2 
  189           1 
  190           3 
  191           1 
  192           0 
  193           1 
  194           0 
  195           4 
  196           2 
  197           2 
  198           2 
  199           0 
  200           4 
  201           0 
  202           2 
  203           0 
  204           0 
  205           2 
  206           0 
  207           1 
  208           2 
  209           2 
  210           2 
  211           1 
  212           2 
  213           0 
  214           1 
  215           1 
  216           1 
  217           1 
  218           0 
  219           0 
  220           2 
  221           1 
  222           0 
  223           1 
  224           4 
  225           3 
  226           0 
  227           1 
  228           3 
  229           1 
  230           0 
  231           0 
  232           2 
  233           2 
  234           1 
  235           1 
  236           1 
  237           0 
  238           3 
  239           1 
  240           2 
  241           1 
  242           0 
  243           1 
  244           1 
  245           1 
  246           2 
  247           1 
  248           1 
  249           0 
  250           3 
  251           1 
  252           2 
  253           2 
  254           1 
  255           0 
  256           0 
  257           1 
  258           2 
  259           3 
  260           1 
  261           2 
  262           1 
  263           2 
  264           2 
  265           3 
  266           2 
  267           0 
  268           0 
  269           2 
  270           0 
  271           1 
  272           1 
  273           2 
  274           0 
  275           1 
  276           3 
  277           2 
  278           1 
  279           1 
  280           1 
  281           1 
  282           0 
  283           0 
  284           1 
  285           0 
  286           0 
  287           1 
  288           0 
  289           1 
  290           3 
  291           2 
  292           0 
  293           0 
  294           0 
  295           0 
  296           0 
  297           2 
  298           0 
  299           3 
  300           2 
  301           2 
  302           2 
  303           0 
  304           3 
  305           2 
  306           1 
  307           1 
  308           1 
  309           0 
  310           1 
  311           0 
  312           0 
  313           1 
  314           3 
  315           1 
  316           1 
  317           0 
  318           2 
  319           1 
  320           3 
  321           1 
  322           2 
  323           2 
  324           1 
  325           1 
  326           2 
  327           1 
  328           1 
  329           0 
  330           0 
  331           2 
  332           3 
  333           1 
  334           3 
  335           2 
  336           1 
  337           1 
  338           2 
  339           0 
  340           3 
  341           1 
  342           5 
  343           2 
  344           2 
  345           0 
  346           1 
  347           1 
  348           0 
  349           2 
  350           3 
  351           2 
  352           0 
  353           2 
  354           0 
  355           0 
  356           2 
  357           1 
  358           1 
  359           1 
  360           1 
  361           2 
  362           2 
  363           2 
  364           2 
  365           1 
  366           0 
  367           1 
  368           2 
  369           0 
  370           4 
  371           0 
  372           1 
  373           0 
  374           0 
  375           0 
  376           0 
  377           2 
  378           0 
  379           0 
  380           2 
  381           0 
  382           0 
  383           2 
  384           2 
  385           2 
  386           4 
  387           1 
  388           1 
  389           0 
  390           0 
  391           2 
  392           3 
  393           0 
  394           0 
  395           0 
  396           0 
  397           0 
  398           2 
  399           2 
  400           0 
  401           1 
  402           0 
  403           0 
  404           1 
  405           1 
  406           0 
  407           0 
  408           0 
  409           0 
  410           0 
  411           2 
  412           2 
  413           2 
  414           1 
  415           0 
  416           0 
  417           0 
  418           2 
  419           1 
  420           1 
  421           0 
  422           0 
  423           2 
  424           3 
  425           0 
  426           2 
  427           3 
  428           0 
  429           0 
  430           1 
  431           0 
  432           0 
  433           2 
  434           2 
  435           0 
  436           0 
  437           4 
  438           0 
  439           0 
  440           0 
  441           1 
  442           2 
  443           0 
  444           0 
  445           0 
  446           2 
  447           1 
  448           0 
  449           0 
  450           1 
  451           4 
  452           0 
  453           1 
  454           0 
  455           2 
  456           3 
  457           1 
  458           3 
  459           1 
  460           2 
  461           4 
  462           0 
  463           2 
  464           0 
  465           1 
  466           0 
  467           0 
  468           0 
  469           2 
  470           1 
  471           1 
  472           3 
  473           1 
  474           0 
  475           0 
  476           0 
  477           0 
  478           1 
  479           0 
  480           0 
  481           0 
  482           0 
  483           0 
  484           0 
  485           0 
  486           0 
  487           0 
  488           0 
  489           0 
  490           0 
  491           0 
  492           0 
  493           0 
  494           0 
  495           0 
  496           0 
  497           0 
  498           0 
  499           0 
  500           0 
  501           0 
  502           0 
  503           0 
  504           0 
  505           0 
  506           0 
  507           0 
  508           0 
  509           0 
  510           0 
  511           0 
  512           0 
