    1           0 
    2           0 
    3           0 
    4           0 
    5           0 
    6           2 
    7          10 
    8          10 
    9          45 
   10          48 
   11          52 
   12          25 
   13          38 
   14          43 
   15          32 
   16          31 
   17          31 
   18          29 
   19          21 
   20          25 
   21          31 
   22          33 
   23          30 
   24          27 
   25          17 
   26          30 
   27          28 
   28          21 
   29          19 
   30          25 
   31          19 
   32          23 
   33          17 
   34          14 
   35          12 
   36          18 
   37          12 
   38          19 
   39          20 
   40          19 
   41          22 
   42          22 
   43          15 
   44          20 
   45          12 
   46          14 
   47          12 
   48           7 
   49          10 
   50          12 
   51           9 
   52           9 
   53          13 
   54          11 
   55          20 
   56          14 
   57          17 
   58          13 
   59          12 
   60          14 
   61           9 
   62          15 
   63           6 
   64          11 
   65           6 
   66           9 
   67          11 
   68          12 
   69          14 
   70           7 
   71          15 
   72           9 
   73           6 
   74          13 
   75           9 
   76           9 
   77           7 
   78          11 
   79           6 
   80          10 
   81          13 
   82           6 
   83           5 
   84           3 
   85           8 
   86           7 
   87          10 
   88           4 
   89           7 
   90           4 
   91           4 
   92           4 
   93           6 
   94           5 
   95           9 
   96           6 
   97           5 
   98           8 
   99           2 
  100           8 
  101           6 
  102          12 
  103           5 
  104           5 
  105           4 
  106           7 
  107           7 
  108           3 
  109           4 
  110           7 
  111           4 
  112           5 
  113           6 
  114           6 
  115           4 
  116           5 
  117           2 
  118           4 
  119           5 
  120           7 
  121           7 
  122           6 
  123           6 
  124          10 
  125           8 
  126           3 
  127           4 
  128           3 
  129           4 
  130           4 
  131           3 
  132           5 
  133           4 
  134           9 
  135           5 
  136           2 
  137           2 
  138           3 
  139           2 
  140           6 
  141           3 
  142           5 
  143           6 
  144           3 
  145           3 
  146           5 
  147           0 
  148           2 
  149           6 
  150           2 
  151           2 
  152           2 
  153           5 
  154           4 
  155           3 
  156           4 
  157           2 
  158           2 
  159           8 
  160           1 
  161           2 
  162           1 
  163           3 
  164           3 
  165           1 
  166           4 
  167           4 
  168           5 
  169           3 
  170           1 
  171           8 
  172           5 
  173           2 
  174           1 
  175           3 
  176           3 
  177           1 
  178           3 
  179           4 
  180           0 
  181           2 
  182           3 
  183           0 
  184           2 
  185           0 
  186           5 
  187           5 
  188           5 
  189           3 
  190           3 
  191           4 
  192           3 
  193           2 
  194           9 
  195           2 
  196           4 
  197           2 
  198           5 
  199           4 
  200           2 
  201           2 
  202           6 
  203           4 
  204           1 
  205           4 
  206           1 
  207           4 
  208           1 
  209           2 
  210           3 
  211           4 
  212           3 
  213           3 
  214           1 
  215           2 
  216           3 
  217           2 
  218           4 
  219           0 
  220           3 
  221           1 
  222           1 
  223           2 
  224           3 
  225           9 
  226           3 
  227           2 
  228           3 
  229           2 
  230           0 
  231           3 
  232           1 
  233           0 
  234           6 
  235           2 
  236           2 
  237           6 
  238           3 
  239           1 
  240           3 
  241           2 
  242           3 
  243           5 
  244           4 
  245           2 
  246           2 
  247           0 
  248           1 
  249           4 
  250           5 
  251           2 
  252           3 
  253           0 
  254           1 
  255           1 
  256           2 
  257           5 
  258           1 
  259           2 
  260           2 
  261           3 
  262           2 
  263           1 
  264           1 
  265           1 
  266           1 
  267           0 
  268           2 
  269           0 
  270           2 
  271           1 
  272           0 
  273           0 
  274           0 
  275           2 
  276           2 
  277           2 
  278           2 
  279           4 
  280           1 
  281           1 
  282           3 
  283           1 
  284           2 
  285           1 
  286           0 
  287           4 
  288           2 
  289           5 
  290           3 
  291           1 
  292           4 
  293           1 
  294           2 
  295           3 
  296           6 
  297           3 
  298           3 
  299           2 
  300           6 
  301           2 
  302           1 
  303           2 
  304           2 
  305           6 
  306           1 
  307           1 
  308           2 
  309           1 
  310           3 
  311           0 
  312           2 
  313           3 
  314           1 
  315           5 
  316           2 
  317           1 
  318           1 
  319           5 
  320           0 
  321           2 
  322           2 
  323           2 
  324           1 
  325           2 
  326           2 
  327           1 
  328           3 
  329           0 
  330           4 
  331           0 
  332           3 
  333           4 
  334           1 
  335           1 
  336           1 
  337           0 
  338           4 
  339           2 
  340           3 
  341           1 
  342           2 
  343           1 
  344           3 
  345           0 
  346           4 
  347           1 
  348           3 
  349           3 
  350           1 
  351           1 
  352           0 
  353           2 
  354           2 
  355           3 
  356           3 
  357           0 
  358           1 
  359           1 
  360           1 
  361           3 
  362           2 
  363           2 
  364           1 
  365           3 
  366           0 
  367           3 
  368           2 
  369           3 
  370           0 
  371           1 
  372           0 
  373           1 
  374           1 
  375           0 
  376           1 
  377           0 
  378           3 
  379           0 
  380           5 
  381           2 
  382           2 
  383           1 
  384           2 
  385           4 
  386           1 
  387           2 
  388           1 
  389           6 
  390           3 
  391           0 
  392           1 
  393           0 
  394           1 
  395           2 
  396           2 
  397           0 
  398           4 
  399           1 
  400           2 
  401           1 
  402           1 
  403           2 
  404           1 
  405           0 
  406           4 
  407           7 
  408           2 
  409           1 
  410           4 
  411           3 
  412           2 
  413           3 
  414           3 
  415           2 
  416           3 
  417           1 
  418           0 
  419           1 
  420           1 
  421           2 
  422           0 
  423           1 
  424           4 
  425           3 
  426           0 
  427           2 
  428           2 
  429           0 
  430           1 
  431           2 
  432           0 
  433           1 
  434           4 
  435           0 
  436           1 
  437           5 
  438           2 
  439           1 
  440           1 
  441           1 
  442           1 
  443           3 
  444           3 
  445           4 
  446           2 
  447           1 
  448           4 
  449           1 
  450           2 
  451           2 
  452           0 
  453           5 
  454           5 
  455           3 
  456           1 
  457           2 
  458           2 
  459           0 
  460           4 
  461           4 
  462           3 
  463           2 
  464           2 
  465           1 
  466           2 
  467           4 
  468           4 
  469           3 
  470           1 
  471           2 
  472           1 
  473           1 
  474           1 
  475           4 
  476           1 
  477           1 
  478           2 
  479           2 
  480           3 
  481           4 
  482           4 
  483           0 
  484           0 
  485           0 
  486           0 
  487           0 
  488           0 
  489           0 
  490           0 
  491           0 
  492           0 
  493           0 
  494           0 
  495           0 
  496           0 
  497           0 
  498           0 
  499           0 
  500           0 
  501           0 
  502           0 
  503           0 
  504           0 
  505           0 
  506           0 
  507           0 
  508           0 
  509           0 
  510           0 
  511           0 
  512           0 
