    1           0 
    2           0 
    3           0 
    4           1 
    5           2 
    6          19 
    7          26 
    8          54 
    9         137 
   10         220 
   11         219 
   12         220 
   13         229 
   14         197 
   15         164 
   16         188 
   17         164 
   18         151 
   19         159 
   20         142 
   21         131 
   22         125 
   23         133 
   24         121 
   25         111 
   26         120 
   27         115 
   28         109 
   29         109 
   30          91 
   31          83 
   32         107 
   33          97 
   34          92 
   35          81 
   36         102 
   37         100 
   38          81 
   39         100 
   40          87 
   41          86 
   42          77 
   43          81 
   44          80 
   45          80 
   46          80 
   47          77 
   48          79 
   49          66 
   50          71 
   51          75 
   52          81 
   53          76 
   54          58 
   55          65 
   56          64 
   57          72 
   58          64 
   59          47 
   60          71 
   61          53 
   62          58 
   63          55 
   64          60 
   65          71 
   66          58 
   67          52 
   68          57 
   69          46 
   70          49 
   71          55 
   72          44 
   73          51 
   74          41 
   75          48 
   76          43 
   77          47 
   78          30 
   79          41 
   80          39 
   81          34 
   82          54 
   83          36 
   84          42 
   85          47 
   86          31 
   87          38 
   88          36 
   89          35 
   90          41 
   91          41 
   92          47 
   93          48 
   94          35 
   95          41 
   96          45 
   97          51 
   98          36 
   99          27 
  100          32 
  101          37 
  102          23 
  103          28 
  104          30 
  105          29 
  106          26 
  107          42 
  108          36 
  109          30 
  110          27 
  111          29 
  112          27 
  113          28 
  114          27 
  115          26 
  116          41 
  117          32 
  118          30 
  119          30 
  120          23 
  121          23 
  122          30 
  123          27 
  124          31 
  125          24 
  126          29 
  127          29 
  128          27 
  129          20 
  130          27 
  131          28 
  132          20 
  133          23 
  134          24 
  135          29 
  136          17 
  137          21 
  138          27 
  139          28 
  140          26 
  141          26 
  142          23 
  143          20 
  144          27 
  145          19 
  146          23 
  147          21 
  148          23 
  149          22 
  150          21 
  151          20 
  152          21 
  153          11 
  154          18 
  155          17 
  156          21 
  157          24 
  158          24 
  159          19 
  160          17 
  161          21 
  162          14 
  163          20 
  164          23 
  165          18 
  166          18 
  167          19 
  168          25 
  169           9 
  170          20 
  171          10 
  172          19 
  173          26 
  174          22 
  175          16 
  176          17 
  177          24 
  178          19 
  179          15 
  180          20 
  181          15 
  182          15 
  183          13 
  184          11 
  185          19 
  186          14 
  187          14 
  188          14 
  189          22 
  190          10 
  191          12 
  192          13 
  193          11 
  194          11 
  195          17 
  196          14 
  197          10 
  198          19 
  199          22 
  200          11 
  201          17 
  202           9 
  203          22 
  204          16 
  205          16 
  206          15 
  207          12 
  208          11 
  209          11 
  210          12 
  211          17 
  212          14 
  213          14 
  214          16 
  215          13 
  216          22 
  217           9 
  218          21 
  219          16 
  220          15 
  221          11 
  222          19 
  223          24 
  224          15 
  225          10 
  226          15 
  227          15 
  228          12 
  229          13 
  230          11 
  231          14 
  232          11 
  233          15 
  234          16 
  235          13 
  236          14 
  237          13 
  238          18 
  239          13 
  240           9 
  241          14 
  242          14 
  243          10 
  244          18 
  245          11 
  246           9 
  247           8 
  248          12 
  249          13 
  250           8 
  251          17 
  252          12 
  253           8 
  254          15 
  255          13 
  256          17 
  257          13 
  258           4 
  259          16 
  260          11 
  261          12 
  262          17 
  263          13 
  264           9 
  265          18 
  266          11 
  267          11 
  268           7 
  269          10 
  270          13 
  271          11 
  272          11 
  273           7 
  274          14 
  275          11 
  276          12 
  277          10 
  278           9 
  279          12 
  280          18 
  281           8 
  282          15 
  283          12 
  284          16 
  285          22 
  286           8 
  287          17 
  288          15 
  289          10 
  290          12 
  291          13 
  292          11 
  293           8 
  294          12 
  295          10 
  296           9 
  297          10 
  298           5 
  299           8 
  300          15 
  301          10 
  302          13 
  303           9 
  304          12 
  305          12 
  306           9 
  307          13 
  308           6 
  309           9 
  310           7 
  311           8 
  312          10 
  313           5 
  314           8 
  315          10 
  316          11 
  317          17 
  318          14 
  319          15 
  320          16 
  321          12 
  322           7 
  323          11 
  324          10 
  325           8 
  326          10 
  327           7 
  328           6 
  329          12 
  330          11 
  331          11 
  332          12 
  333          12 
  334           7 
  335           8 
  336          11 
  337           6 
  338          10 
  339          12 
  340          13 
  341           7 
  342          15 
  343          15 
  344          11 
  345          10 
  346           7 
  347          10 
  348           7 
  349           8 
  350          12 
  351           9 
  352          14 
  353          10 
  354           9 
  355           8 
  356          12 
  357          10 
  358          12 
  359          16 
  360           4 
  361          14 
  362           9 
  363           8 
  364           4 
  365           6 
  366          16 
  367          10 
  368          12 
  369           9 
  370           9 
  371           9 
  372          11 
  373          13 
  374           3 
  375          10 
  376          16 
  377           9 
  378           8 
  379          12 
  380          12 
  381           8 
  382           9 
  383          14 
  384          12 
  385          10 
  386           9 
  387          12 
  388          12 
  389          10 
  390          11 
  391          10 
  392           5 
  393          12 
  394          13 
  395           8 
  396          12 
  397          11 
  398          12 
  399           9 
  400           8 
  401          10 
  402           9 
  403           9 
  404          17 
  405           8 
  406          10 
  407          12 
  408          14 
  409          13 
  410           8 
  411          17 
  412          14 
  413           7 
  414          10 
  415           9 
  416           4 
  417          11 
  418           7 
  419          13 
  420          11 
  421          14 
  422          10 
  423           7 
  424           7 
  425           6 
  426          11 
  427          12 
  428          11 
  429          11 
  430           7 
  431          12 
  432          13 
  433           7 
  434           8 
  435          11 
  436           5 
  437           4 
  438          10 
  439           9 
  440          11 
  441          11 
  442           9 
  443          10 
  444          10 
  445           6 
  446          10 
  447          14 
  448          11 
  449          12 
  450           4 
  451          10 
  452          10 
  453           6 
  454          11 
  455           6 
  456           8 
  457          11 
  458          18 
  459          14 
  460           3 
  461          12 
  462           6 
  463           8 
  464          10 
  465          18 
  466           8 
  467          12 
  468          12 
  469          12 
  470           3 
  471          15 
  472          10 
  473           7 
  474          10 
  475           9 
  476           7 
  477          12 
  478           7 
  479           8 
  480          13 
  481           9 
  482           8 
  483           0 
  484           0 
  485           0 
  486           0 
  487           0 
  488           0 
  489           0 
  490           0 
  491           0 
  492           0 
  493           0 
  494           0 
  495           0 
  496           0 
  497           0 
  498           0 
  499           0 
  500           0 
  501           0 
  502           0 
  503           0 
  504           0 
  505           0 
  506           0 
  507           0 
  508           0 
  509           0 
  510           0 
  511           0 
  512           0 
