    1          50 
    2          79 
    3          68 
    4          60 
    5          74 
    6          55 
    7          68 
    8          66 
    9          47 
   10          43 
   11          50 
   12          33 
   13          42 
   14          39 
   15          42 
   16          37 
   17          45 
   18          38 
   19          47 
   20          39 
   21          44 
   22          41 
   23          50 
   24          39 
   25          40 
   26          41 
   27          42 
   28          40 
   29          43 
   30          42 
   31          35 
   32          42 
   33          28 
   34          37 
   35          38 
   36          31 
   37          33 
   38          29 
   39          37 
   40          29 
   41          36 
   42          31 
   43          35 
   44          33 
   45          32 
   46          27 
   47          26 
   48          28 
   49          30 
   50          30 
   51          31 
   52          23 
   53          16 
   54          23 
   55          25 
   56          22 
   57          19 
   58          19 
   59          14 
   60          27 
   61          22 
   62          13 
   63          13 
   64          33 
   65          21 
   66          19 
   67          22 
   68          25 
   69          20 
   70          22 
   71          21 
   72          21 
   73          18 
   74          10 
   75          27 
   76          12 
   77          24 
   78           9 
   79          16 
   80          20 
   81          21 
   82          11 
   83          14 
   84          10 
   85          16 
   86          22 
   87          18 
   88          17 
   89          20 
   90          12 
   91          14 
   92          18 
   93          14 
   94          18 
   95          18 
   96          22 
   97          15 
   98          18 
   99          12 
  100          17 
  101          14 
  102           9 
  103           7 
  104           7 
  105          19 
  106          12 
  107          13 
  108          11 
  109          11 
  110          12 
  111          13 
  112          11 
  113          10 
  114          11 
  115           7 
  116          13 
  117           7 
  118           7 
  119          14 
  120           7 
  121          11 
  122          10 
  123          13 
  124          10 
  125           5 
  126           8 
  127           9 
  128          10 
  129           6 
  130           9 
  131          10 
  132           9 
  133           7 
  134          10 
  135          12 
  136           9 
  137          10 
  138           7 
  139           3 
  140           9 
  141           4 
  142           7 
  143           7 
  144           6 
  145           7 
  146           9 
  147          13 
  148           6 
  149           9 
  150           9 
  151           5 
  152           6 
  153           7 
  154           8 
  155          12 
  156          10 
  157          10 
  158           8 
  159           5 
  160           7 
  161           3 
  162           8 
  163           3 
  164           6 
  165           3 
  166           8 
  167           8 
  168           4 
  169           8 
  170           6 
  171           5 
  172           3 
  173           5 
  174           9 
  175           4 
  176           5 
  177           6 
  178           5 
  179           8 
  180           9 
  181           6 
  182           2 
  183           4 
  184           5 
  185           5 
  186           2 
  187           6 
  188           6 
  189           7 
  190           2 
  191           2 
  192           7 
  193           4 
  194           9 
  195           2 
  196           3 
  197           5 
  198           6 
  199           2 
  200           5 
  201           7 
  202           2 
  203           6 
  204           5 
  205          10 
  206           3 
  207           8 
  208           2 
  209           4 
  210           2 
  211           5 
  212           4 
  213           4 
  214           6 
  215           5 
  216           4 
  217           3 
  218           3 
  219           4 
  220           4 
  221           4 
  222           2 
  223           3 
  224           2 
  225           3 
  226           4 
  227           3 
  228           7 
  229           8 
  230           1 
  231           6 
  232           4 
  233           5 
  234           3 
  235           3 
  236           1 
  237           7 
  238           6 
  239           7 
  240           4 
  241           5 
  242           6 
  243           3 
  244           3 
  245           3 
  246           1 
  247           3 
  248           1 
  249           5 
  250           3 
  251           3 
  252           2 
  253           2 
  254           4 
  255           6 
  256           3 
  257           3 
  258           4 
  259           4 
  260           2 
  261           5 
  262           1 
  263           3 
  264           3 
  265           0 
  266           1 
  267           2 
  268           2 
  269           3 
  270           2 
  271           1 
  272           1 
  273           2 
  274           3 
  275           2 
  276           4 
  277           3 
  278           4 
  279           3 
  280           2 
  281           1 
  282           6 
  283           4 
  284           3 
  285           1 
  286           2 
  287           1 
  288           1 
  289           3 
  290           3 
  291           2 
  292           0 
  293           1 
  294           2 
  295           2 
  296           2 
  297           1 
  298           1 
  299           1 
  300           4 
  301           3 
  302           3 
  303           1 
  304           0 
  305           3 
  306           2 
  307           3 
  308           2 
  309           1 
  310           3 
  311           5 
  312           1 
  313           2 
  314           2 
  315           1 
  316           1 
  317           2 
  318           1 
  319           1 
  320           2 
  321           2 
  322           3 
  323           5 
  324           1 
  325           2 
  326           2 
  327           3 
  328           2 
  329           1 
  330           1 
  331           2 
  332           4 
  333           3 
  334           5 
  335           4 
  336           6 
  337           2 
  338           4 
  339           3 
  340           1 
  341           2 
  342           4 
  343           2 
  344           1 
  345           3 
  346           3 
  347           3 
  348           4 
  349           2 
  350           1 
  351           2 
  352           1 
  353           2 
  354           2 
  355           0 
  356           0 
  357           1 
  358           0 
  359           1 
  360           2 
  361           1 
  362           1 
  363           2 
  364           3 
  365           1 
  366           3 
  367           1 
  368           2 
  369           1 
  370           2 
  371           1 
  372           2 
  373           1 
  374           4 
  375           0 
  376           0 
  377           2 
  378           3 
  379           0 
  380           4 
  381           4 
  382           1 
  383           0 
  384           0 
  385           2 
  386           2 
  387           1 
  388           1 
  389           1 
  390           1 
  391           0 
  392           2 
  393           1 
  394           2 
  395           4 
  396           1 
  397           1 
  398           1 
  399           0 
  400           3 
  401           1 
  402           0 
  403           1 
  404           0 
  405           1 
  406           1 
  407           1 
  408           4 
  409           3 
  410           3 
  411           1 
  412           1 
  413           3 
  414           0 
  415           1 
  416           4 
  417           3 
  418           1 
  419           0 
  420           1 
  421           3 
  422           4 
  423           1 
  424           0 
  425           4 
  426           0 
  427           1 
  428           2 
  429           1 
  430           4 
  431           2 
  432           1 
  433           0 
  434           0 
  435           1 
  436           0 
  437           4 
  438           3 
  439           0 
  440           2 
  441           3 
  442           1 
  443           0 
  444           0 
  445           2 
  446           3 
  447           0 
  448           0 
  449           2 
  450           1 
  451           1 
  452           3 
  453           2 
  454           1 
  455           2 
  456           1 
  457           4 
  458           1 
  459           2 
  460           1 
  461           3 
  462           3 
  463           3 
  464           2 
  465           2 
  466           2 
  467           2 
  468           2 
  469           3 
  470           0 
  471           4 
  472           2 
  473           2 
  474           1 
  475           3 
  476           1 
  477           2 
  478           3 
  479           2 
  480           6 
  481           1 
  482           1 
  483           0 
  484           0 
  485           0 
  486           0 
  487           0 
  488           0 
  489           0 
  490           0 
  491           0 
  492           0 
  493           0 
  494           0 
  495           0 
  496           0 
  497           0 
  498           0 
  499           0 
  500           0 
  501           0 
  502           0 
  503           0 
  504           0 
  505           0 
  506           0 
  507           0 
  508           0 
  509           0 
  510           0 
  511           0 
  512           0 
