    1           0 
    2           0 
    3           0 
    4           0 
    5           0 
    6           1 
    7           3 
    8           4 
    9           3 
   10           6 
   11          11 
   12          19 
   13          14 
   14          16 
   15          11 
   16          15 
   17           9 
   18          16 
   19           9 
   20           7 
   21          10 
   22          11 
   23          10 
   24           5 
   25          10 
   26           2 
   27          10 
   28          10 
   29          12 
   30           6 
   31          13 
   32           6 
   33           7 
   34          12 
   35           8 
   36           8 
   37           6 
   38          11 
   39           6 
   40           9 
   41           6 
   42           7 
   43           7 
   44          10 
   45           5 
   46           4 
   47           3 
   48          13 
   49           6 
   50           5 
   51           3 
   52           3 
   53           2 
   54           3 
   55           5 
   56           7 
   57           2 
   58           6 
   59           5 
   60           5 
   61          10 
   62           6 
   63           7 
   64           5 
   65           0 
   66           2 
   67           5 
   68           4 
   69           3 
   70           3 
   71           2 
   72           4 
   73           6 
   74           6 
   75           6 
   76           8 
   77           3 
   78           2 
   79           2 
   80           1 
   81           4 
   82           5 
   83           2 
   84           4 
   85           2 
   86           4 
   87           6 
   88           4 
   89           1 
   90           4 
   91           5 
   92           2 
   93           1 
   94           5 
   95           2 
   96           2 
   97           4 
   98           2 
   99           3 
  100           4 
  101           3 
  102           4 
  103           4 
  104          11 
  105           4 
  106           6 
  107           2 
  108           3 
  109           4 
  110           1 
  111           1 
  112           1 
  113           1 
  114           2 
  115           3 
  116           0 
  117           3 
  118           2 
  119           3 
  120           4 
  121           1 
  122           2 
  123           1 
  124           2 
  125           1 
  126           1 
  127           1 
  128           3 
  129           3 
  130           2 
  131           1 
  132           2 
  133           1 
  134           3 
  135           2 
  136           3 
  137           2 
  138           1 
  139           2 
  140           4 
  141           3 
  142           2 
  143           1 
  144           3 
  145           1 
  146           3 
  147           3 
  148           4 
  149           3 
  150           1 
  151           3 
  152           1 
  153           0 
  154           2 
  155           2 
  156           0 
  157           3 
  158           1 
  159           2 
  160           0 
  161           1 
  162           0 
  163           2 
  164           0 
  165           1 
  166           4 
  167           3 
  168           3 
  169           4 
  170           1 
  171           3 
  172           5 
  173           5 
  174           2 
  175           2 
  176           5 
  177           1 
  178           1 
  179           1 
  180           3 
  181           3 
  182           2 
  183           2 
  184           1 
  185           1 
  186           2 
  187           2 
  188           2 
  189           4 
  190           3 
  191           1 
  192           1 
  193           1 
  194           2 
  195           3 
  196           0 
  197           1 
  198           1 
  199           1 
  200           0 
  201           1 
  202           0 
  203           1 
  204           0 
  205           1 
  206           2 
  207           1 
  208           0 
  209           0 
  210           1 
  211           0 
  212           2 
  213           1 
  214           2 
  215           1 
  216           2 
  217           0 
  218           0 
  219           1 
  220           1 
  221           1 
  222           1 
  223           1 
  224           1 
  225           1 
  226           1 
  227           2 
  228           3 
  229           1 
  230           4 
  231           0 
  232           2 
  233           1 
  234           1 
  235           1 
  236           1 
  237           0 
  238           0 
  239           1 
  240           0 
  241           2 
  242           0 
  243           0 
  244           1 
  245           1 
  246           1 
  247           2 
  248           1 
  249           0 
  250           1 
  251           1 
  252           1 
  253           0 
  254           0 
  255           1 
  256           3 
  257           3 
  258           1 
  259           0 
  260           0 
  261           1 
  262           1 
  263           3 
  264           1 
  265           0 
  266           1 
  267           1 
  268           2 
  269           3 
  270           2 
  271           2 
  272           0 
  273           1 
  274           0 
  275           2 
  276           1 
  277           0 
  278           0 
  279           1 
  280           3 
  281           0 
  282           1 
  283           1 
  284           2 
  285           1 
  286           1 
  287           0 
  288           2 
  289           0 
  290           3 
  291           0 
  292           0 
  293           0 
  294           1 
  295           1 
  296           1 
  297           0 
  298           0 
  299           0 
  300           1 
  301           1 
  302           2 
  303           2 
  304           0 
  305           1 
  306           1 
  307           0 
  308           0 
  309           1 
  310           0 
  311           1 
  312           1 
  313           2 
  314           1 
  315           1 
  316           1 
  317           0 
  318           1 
  319           1 
  320           2 
  321           1 
  322           0 
  323           0 
  324           1 
  325           0 
  326           1 
  327           0 
  328           1 
  329           1 
  330           1 
  331           3 
  332           0 
  333           0 
  334           1 
  335           0 
  336           1 
  337           1 
  338           0 
  339           1 
  340           0 
  341           0 
  342           0 
  343           1 
  344           1 
  345           2 
  346           2 
  347           1 
  348           0 
  349           0 
  350           0 
  351           1 
  352           0 
  353           0 
  354           2 
  355           3 
  356           0 
  357           1 
  358           0 
  359           0 
  360           1 
  361           2 
  362           2 
  363           1 
  364           1 
  365           0 
  366           2 
  367           1 
  368           0 
  369           2 
  370           3 
  371           1 
  372           1 
  373           0 
  374           0 
  375           0 
  376           0 
  377           0 
  378           1 
  379           0 
  380           0 
  381           2 
  382           1 
  383           0 
  384           0 
  385           0 
  386           0 
  387           2 
  388           1 
  389           2 
  390           0 
  391           1 
  392           1 
  393           0 
  394           2 
  395           1 
  396           1 
  397           2 
  398           0 
  399           0 
  400           0 
  401           1 
  402           0 
  403           1 
  404           1 
  405           1 
  406           0 
  407           2 
  408           2 
  409           1 
  410           1 
  411           2 
  412           1 
  413           0 
  414           2 
  415           2 
  416           2 
  417           0 
  418           1 
  419           0 
  420           0 
  421           0 
  422           2 
  423           2 
  424           1 
  425           0 
  426           1 
  427           2 
  428           1 
  429           0 
  430           0 
  431           1 
  432           1 
  433           0 
  434           3 
  435           1 
  436           0 
  437           2 
  438           3 
  439           2 
  440           1 
  441           2 
  442           1 
  443           1 
  444           1 
  445           1 
  446           1 
  447           0 
  448           1 
  449           2 
  450           0 
  451           0 
  452           0 
  453           0 
  454           0 
  455           5 
  456           2 
  457           0 
  458           1 
  459           1 
  460           2 
  461           1 
  462           0 
  463           1 
  464           1 
  465           0 
  466           0 
  467           1 
  468           0 
  469           1 
  470           1 
  471           1 
  472           2 
  473           1 
  474           1 
  475           2 
  476           0 
  477           2 
  478           3 
  479           1 
  480           0 
  481           0 
  482           0 
  483           0 
  484           0 
  485           0 
  486           0 
  487           0 
  488           0 
  489           0 
  490           0 
  491           0 
  492           0 
  493           0 
  494           0 
  495           0 
  496           0 
  497           0 
  498           0 
  499           0 
  500           0 
  501           0 
  502           0 
  503           0 
  504           0 
  505           0 
  506           0 
  507           0 
  508           0 
  509           0 
  510           0 
  511           0 
  512           0 
