    1           0 
    2           0 
    3           0 
    4           0 
    5           0 
    6           1 
    7           2 
    8           5 
    9           2 
   10           8 
   11           9 
   12          19 
   13           8 
   14          10 
   15           8 
   16          15 
   17           8 
   18          11 
   19           9 
   20           7 
   21           9 
   22           6 
   23           8 
   24          11 
   25           9 
   26           5 
   27           7 
   28          10 
   29           9 
   30           8 
   31           6 
   32           8 
   33           6 
   34           4 
   35           8 
   36           5 
   37           6 
   38          11 
   39           6 
   40          14 
   41           6 
   42           7 
   43           8 
   44           3 
   45           7 
   46           6 
   47           2 
   48           6 
   49           4 
   50           4 
   51           4 
   52           7 
   53           4 
   54          10 
   55           4 
   56           3 
   57           6 
   58           4 
   59           1 
   60           5 
   61           3 
   62           1 
   63           3 
   64           1 
   65           4 
   66           4 
   67           3 
   68           3 
   69           1 
   70           3 
   71           0 
   72           3 
   73           0 
   74           2 
   75           2 
   76           1 
   77           3 
   78           2 
   79           3 
   80           2 
   81           5 
   82           2 
   83           1 
   84           2 
   85           1 
   86           3 
   87           2 
   88           4 
   89           5 
   90           3 
   91           3 
   92           6 
   93           2 
   94           2 
   95           3 
   96           4 
   97           2 
   98           3 
   99           3 
  100           2 
  101           5 
  102           1 
  103           2 
  104           0 
  105           2 
  106           2 
  107           2 
  108           0 
  109           1 
  110           1 
  111           4 
  112           0 
  113           3 
  114           1 
  115           2 
  116           2 
  117           2 
  118           0 
  119           1 
  120           0 
  121           3 
  122           1 
  123           4 
  124           4 
  125           4 
  126           2 
  127           3 
  128           1 
  129           2 
  130           0 
  131           2 
  132           2 
  133           1 
  134           3 
  135           1 
  136           1 
  137           0 
  138           1 
  139           2 
  140           2 
  141           0 
  142           1 
  143           0 
  144           1 
  145           2 
  146           1 
  147           1 
  148           0 
  149           0 
  150           3 
  151           1 
  152           2 
  153           0 
  154           0 
  155           1 
  156           2 
  157           1 
  158           1 
  159           1 
  160           1 
  161           2 
  162           0 
  163           0 
  164           2 
  165           2 
  166           1 
  167           3 
  168           1 
  169           1 
  170           0 
  171           3 
  172           1 
  173           1 
  174           1 
  175           2 
  176           2 
  177           0 
  178           1 
  179           1 
  180           0 
  181           1 
  182           1 
  183           1 
  184           0 
  185           0 
  186           2 
  187           2 
  188           0 
  189           1 
  190           0 
  191           2 
  192           1 
  193           0 
  194           1 
  195           0 
  196           1 
  197           3 
  198           1 
  199           0 
  200           0 
  201           2 
  202           1 
  203           1 
  204           0 
  205           1 
  206           0 
  207           0 
  208           0 
  209           2 
  210           1 
  211           0 
  212           0 
  213           1 
  214           1 
  215           0 
  216           1 
  217           1 
  218           1 
  219           0 
  220           3 
  221           1 
  222           1 
  223           1 
  224           0 
  225           0 
  226           2 
  227           0 
  228           0 
  229           1 
  230           1 
  231           0 
  232           0 
  233           2 
  234           0 
  235           0 
  236           0 
  237           0 
  238           1 
  239           1 
  240           0 
  241           0 
  242           1 
  243           0 
  244           2 
  245           1 
  246           2 
  247           0 
  248           0 
  249           0 
  250           2 
  251           0 
  252           0 
  253           2 
  254           0 
  255           2 
  256           1 
  257           1 
  258           1 
  259           0 
  260           1 
  261           1 
  262           1 
  263           1 
  264           2 
  265           2 
  266           3 
  267           1 
  268           0 
  269           1 
  270           0 
  271           0 
  272           2 
  273           0 
  274           0 
  275           2 
  276           0 
  277           1 
  278           0 
  279           1 
  280           3 
  281           0 
  282           0 
  283           0 
  284           2 
  285           2 
  286           0 
  287           1 
  288           2 
  289           1 
  290           0 
  291           0 
  292           0 
  293           0 
  294           2 
  295           0 
  296           1 
  297           3 
  298           3 
  299           1 
  300           2 
  301           3 
  302           1 
  303           1 
  304           2 
  305           1 
  306           1 
  307           1 
  308           0 
  309           0 
  310           1 
  311           0 
  312           0 
  313           1 
  314           0 
  315           1 
  316           0 
  317           0 
  318           1 
  319           1 
  320           0 
  321           1 
  322           0 
  323           0 
  324           0 
  325           1 
  326           3 
  327           1 
  328           1 
  329           0 
  330           1 
  331           0 
  332           0 
  333           0 
  334           2 
  335           3 
  336           0 
  337           0 
  338           3 
  339           0 
  340           2 
  341           1 
  342           3 
  343           0 
  344           2 
  345           1 
  346           0 
  347           0 
  348           0 
  349           1 
  350           0 
  351           1 
  352           0 
  353           1 
  354           0 
  355           1 
  356           0 
  357           0 
  358           0 
  359           1 
  360           3 
  361           0 
  362           0 
  363           0 
  364           0 
  365           0 
  366           2 
  367           1 
  368           1 
  369           0 
  370           1 
  371           0 
  372           0 
  373           0 
  374           2 
  375           0 
  376           0 
  377           1 
  378           1 
  379           0 
  380           1 
  381           0 
  382           1 
  383           0 
  384           0 
  385           2 
  386           0 
  387           0 
  388           1 
  389           0 
  390           2 
  391           0 
  392           0 
  393           0 
  394           2 
  395           1 
  396           1 
  397           1 
  398           1 
  399           0 
  400           1 
  401           1 
  402           1 
  403           1 
  404           1 
  405           1 
  406           0 
  407           2 
  408           1 
  409           0 
  410           0 
  411           1 
  412           2 
  413           0 
  414           0 
  415           2 
  416           2 
  417           1 
  418           0 
  419           0 
  420           0 
  421           0 
  422           1 
  423           1 
  424           1 
  425           0 
  426           1 
  427           3 
  428           1 
  429           0 
  430           1 
  431           0 
  432           1 
  433           1 
  434           0 
  435           2 
  436           3 
  437           0 
  438           0 
  439           2 
  440           0 
  441           0 
  442           0 
  443           0 
  444           2 
  445           0 
  446           1 
  447           0 
  448           1 
  449           0 
  450           1 
  451           1 
  452           0 
  453           1 
  454           1 
  455           0 
  456           0 
  457           0 
  458           3 
  459           0 
  460           2 
  461           0 
  462           1 
  463           0 
  464           1 
  465           1 
  466           0 
  467           1 
  468           1 
  469           1 
  470           1 
  471           2 
  472           0 
  473           2 
  474           0 
  475           0 
  476           1 
  477           1 
  478           1 
  479           1 
  480           2 
  481           0 
  482           1 
  483           0 
  484           0 
  485           0 
  486           0 
  487           0 
  488           0 
  489           0 
  490           0 
  491           0 
  492           0 
  493           0 
  494           0 
  495           0 
  496           0 
  497           0 
  498           0 
  499           0 
  500           0 
  501           0 
  502           0 
  503           0 
  504           0 
  505           0 
  506           0 
  507           0 
  508           0 
  509           0 
  510           0 
  511           0 
  512           0 
