    1           0 
    2           0 
    3           0 
    4           0 
    5           0 
    6           0 
    7           1 
    8           0 
    9           0 
   10           2 
   11           7 
   12           4 
   13           3 
   14           7 
   15           3 
   16           4 
   17           8 
   18           3 
   19           3 
   20           5 
   21           3 
   22           2 
   23           2 
   24           4 
   25           5 
   26           2 
   27           4 
   28           2 
   29           2 
   30           1 
   31           3 
   32           0 
   33           4 
   34           7 
   35           4 
   36           5 
   37           4 
   38           0 
   39           1 
   40           1 
   41           3 
   42           1 
   43           5 
   44           4 
   45           2 
   46           2 
   47           2 
   48           1 
   49           1 
   50           2 
   51           3 
   52           2 
   53           1 
   54           1 
   55           1 
   56           2 
   57           2 
   58           4 
   59           2 
   60           3 
   61           1 
   62           1 
   63           0 
   64           2 
   65           1 
   66           1 
   67           0 
   68           2 
   69           1 
   70           0 
   71           1 
   72           2 
   73           1 
   74           0 
   75           1 
   76           0 
   77           2 
   78           2 
   79           0 
   80           0 
   81           2 
   82           4 
   83           3 
   84           1 
   85           2 
   86           0 
   87           2 
   88           1 
   89           3 
   90           1 
   91           2 
   92           1 
   93           2 
   94           0 
   95           1 
   96           0 
   97           1 
   98           0 
   99           0 
  100           3 
  101           2 
  102           1 
  103           1 
  104           0 
  105           2 
  106           0 
  107           1 
  108           1 
  109           1 
  110           1 
  111           0 
  112           0 
  113           0 
  114           3 
  115           2 
  116           2 
  117           1 
  118           3 
  119           1 
  120           1 
  121           1 
  122           2 
  123           2 
  124           1 
  125           1 
  126           1 
  127           1 
  128           1 
  129           0 
  130           0 
  131           0 
  132           0 
  133           0 
  134           3 
  135           1 
  136           1 
  137           2 
  138           0 
  139           0 
  140           0 
  141           1 
  142           2 
  143           1 
  144           0 
  145           0 
  146           1 
  147           0 
  148           2 
  149           1 
  150           0 
  151           0 
  152           1 
  153           0 
  154           1 
  155           0 
  156           0 
  157           0 
  158           1 
  159           0 
  160           2 
  161           0 
  162           0 
  163           0 
  164           3 
  165           2 
  166           0 
  167           1 
  168           0 
  169           0 
  170           0 
  171           0 
  172           0 
  173           3 
  174           1 
  175           0 
  176           0 
  177           0 
  178           0 
  179           2 
  180           0 
  181           0 
  182           0 
  183           0 
  184           1 
  185           1 
  186           0 
  187           0 
  188           1 
  189           0 
  190           0 
  191           0 
  192           1 
  193           1 
  194           0 
  195           0 
  196           1 
  197           1 
  198           1 
  199           0 
  200           0 
  201           1 
  202           1 
  203           0 
  204           1 
  205           0 
  206           0 
  207           0 
  208           1 
  209           1 
  210           0 
  211           0 
  212           0 
  213           0 
  214           1 
  215           0 
  216           0 
  217           1 
  218           1 
  219           0 
  220           1 
  221           0 
  222           0 
  223           0 
  224           0 
  225           1 
  226           0 
  227           0 
  228           1 
  229           1 
  230           0 
  231           0 
  232           0 
  233           0 
  234           0 
  235           0 
  236           0 
  237           0 
  238           1 
  239           1 
  240           2 
  241           0 
  242           1 
  243           0 
  244           2 
  245           1 
  246           2 
  247           1 
  248           0 
  249           0 
  250           0 
  251           0 
  252           0 
  253           0 
  254           1 
  255           0 
  256           0 
  257           0 
  258           0 
  259           1 
  260           1 
  261           1 
  262           1 
  263           0 
  264           0 
  265           0 
  266           0 
  267           1 
  268           0 
  269           2 
  270           0 
  271           1 
  272           0 
  273           1 
  274           1 
  275           0 
  276           0 
  277           0 
  278           0 
  279           0 
  280           0 
  281           0 
  282           0 
  283           0 
  284           2 
  285           0 
  286           0 
  287           0 
  288           0 
  289           0 
  290           1 
  291           0 
  292           0 
  293           1 
  294           0 
  295           0 
  296           1 
  297           0 
  298           2 
  299           2 
  300           1 
  301           0 
  302           2 
  303           0 
  304           0 
  305           1 
  306           0 
  307           0 
  308           0 
  309           0 
  310           0 
  311           0 
  312           0 
  313           0 
  314           0 
  315           2 
  316           0 
  317           0 
  318           1 
  319           1 
  320           1 
  321           1 
  322           2 
  323           0 
  324           0 
  325           0 
  326           2 
  327           0 
  328           1 
  329           0 
  330           0 
  331           0 
  332           1 
  333           0 
  334           0 
  335           0 
  336           1 
  337           0 
  338           0 
  339           2 
  340           1 
  341           0 
  342           0 
  343           0 
  344           0 
  345           0 
  346           0 
  347           0 
  348           0 
  349           0 
  350           0 
  351           0 
  352           0 
  353           1 
  354           1 
  355           0 
  356           0 
  357           0 
  358           0 
  359           0 
  360           0 
  361           0 
  362           0 
  363           0 
  364           1 
  365           0 
  366           0 
  367           0 
  368           0 
  369           0 
  370           1 
  371           1 
  372           0 
  373           0 
  374           0 
  375           0 
  376           0 
  377           0 
  378           1 
  379           0 
  380           0 
  381           1 
  382           0 
  383           0 
  384           0 
  385           1 
  386           1 
  387           0 
  388           0 
  389           1 
  390           0 
  391           0 
  392           1 
  393           0 
  394           0 
  395           0 
  396           0 
  397           0 
  398           0 
  399           0 
  400           0 
  401           1 
  402           0 
  403           0 
  404           2 
  405           0 
  406           0 
  407           0 
  408           0 
  409           0 
  410           0 
  411           1 
  412           0 
  413           2 
  414           0 
  415           1 
  416           3 
  417           0 
  418           0 
  419           0 
  420           0 
  421           0 
  422           1 
  423           1 
  424           0 
  425           0 
  426           0 
  427           1 
  428           0 
  429           0 
  430           1 
  431           1 
  432           1 
  433           0 
  434           1 
  435           0 
  436           0 
  437           0 
  438           0 
  439           0 
  440           1 
  441           0 
  442           0 
  443           1 
  444           0 
  445           0 
  446           0 
  447           1 
  448           0 
  449           0 
  450           0 
  451           0 
  452           0 
  453           0 
  454           0 
  455           0 
  456           0 
  457           2 
  458           0 
  459           0 
  460           0 
  461           0 
  462           1 
  463           0 
  464           0 
  465           1 
  466           0 
  467           2 
  468           1 
  469           0 
  470           0 
  471           1 
  472           0 
  473           0 
  474           0 
  475           0 
  476           1 
  477           2 
  478           0 
  479           0 
  480           0 
  481           0 
  482           1 
  483           0 
  484           0 
  485           0 
  486           0 
  487           0 
  488           0 
  489           0 
  490           0 
  491           0 
  492           0 
  493           0 
  494           0 
  495           0 
  496           0 
  497           0 
  498           0 
  499           0 
  500           0 
  501           0 
  502           0 
  503           0 
  504           0 
  505           0 
  506           0 
  507           0 
  508           0 
  509           0 
  510           0 
  511           0 
  512           0 
