    1           0 
    2           0 
    3           0 
    4           0 
    5           3 
    6          22 
    7          59 
    8         134 
    9         262 
   10         380 
   11         341 
   12         327 
   13         286 
   14         278 
   15         265 
   16         245 
   17         239 
   18         200 
   19         208 
   20         191 
   21         218 
   22         165 
   23         163 
   24         159 
   25         156 
   26         156 
   27         138 
   28         148 
   29         140 
   30         126 
   31         129 
   32         123 
   33         127 
   34         124 
   35         133 
   36         110 
   37         132 
   38         114 
   39         117 
   40          97 
   41          98 
   42         122 
   43         113 
   44         104 
   45         101 
   46         105 
   47         100 
   48          83 
   49          84 
   50          83 
   51          94 
   52          76 
   53          87 
   54          65 
   55          87 
   56          95 
   57          97 
   58          88 
   59          62 
   60          99 
   61          74 
   62          70 
   63          68 
   64          74 
   65          64 
   66          79 
   67          48 
   68          61 
   69          65 
   70          76 
   71          62 
   72          67 
   73          59 
   74          56 
   75          53 
   76          60 
   77          68 
   78          47 
   79          51 
   80          51 
   81          50 
   82          55 
   83          68 
   84          45 
   85          57 
   86          57 
   87          57 
   88          53 
   89          52 
   90          72 
   91          53 
   92          57 
   93          47 
   94          42 
   95          54 
   96          46 
   97          40 
   98          50 
   99          49 
  100          49 
  101          47 
  102          48 
  103          39 
  104          45 
  105          33 
  106          40 
  107          37 
  108          43 
  109          55 
  110          42 
  111          44 
  112          38 
  113          27 
  114          30 
  115          45 
  116          32 
  117          41 
  118          37 
  119          29 
  120          40 
  121          25 
  122          29 
  123          28 
  124          31 
  125          39 
  126          36 
  127          31 
  128          29 
  129          27 
  130          33 
  131          24 
  132          21 
  133          34 
  134          32 
  135          25 
  136          37 
  137          24 
  138          28 
  139          29 
  140          23 
  141          28 
  142          30 
  143          39 
  144          29 
  145          32 
  146          25 
  147          27 
  148          18 
  149          34 
  150          29 
  151          24 
  152          29 
  153          27 
  154          45 
  155          24 
  156          22 
  157          34 
  158          20 
  159          33 
  160          18 
  161          37 
  162          23 
  163          27 
  164          19 
  165          24 
  166          25 
  167          23 
  168          28 
  169          30 
  170          30 
  171          28 
  172          22 
  173          12 
  174          25 
  175          26 
  176          23 
  177          22 
  178          25 
  179          19 
  180          26 
  181          13 
  182          21 
  183          13 
  184          21 
  185          19 
  186          19 
  187          20 
  188          27 
  189          20 
  190          19 
  191          22 
  192          22 
  193          22 
  194          14 
  195          18 
  196          19 
  197          22 
  198          20 
  199          27 
  200          24 
  201          18 
  202          20 
  203          21 
  204          14 
  205          21 
  206          22 
  207          14 
  208          20 
  209          14 
  210          14 
  211          20 
  212          19 
  213          17 
  214          18 
  215          13 
  216          16 
  217          20 
  218          18 
  219          14 
  220          19 
  221          18 
  222          27 
  223          11 
  224          23 
  225          18 
  226          20 
  227          13 
  228          16 
  229          13 
  230          13 
  231          22 
  232          25 
  233          11 
  234          18 
  235          18 
  236          20 
  237          20 
  238          11 
  239          16 
  240          16 
  241          18 
  242          19 
  243           7 
  244           9 
  245          22 
  246          17 
  247          10 
  248          19 
  249          16 
  250          17 
  251           9 
  252          11 
  253          20 
  254          12 
  255          15 
  256          11 
  257          23 
  258          13 
  259          17 
  260          12 
  261          17 
  262          15 
  263          18 
  264          11 
  265          10 
  266          22 
  267           7 
  268          14 
  269          13 
  270          12 
  271          17 
  272           6 
  273          17 
  274          14 
  275          22 
  276          15 
  277          18 
  278          15 
  279          23 
  280          14 
  281          19 
  282          11 
  283          14 
  284          22 
  285          13 
  286          14 
  287          10 
  288          15 
  289          12 
  290          17 
  291          13 
  292          14 
  293          12 
  294          18 
  295           9 
  296          15 
  297          13 
  298           7 
  299          14 
  300          13 
  301           8 
  302          17 
  303          13 
  304          13 
  305          18 
  306          11 
  307          16 
  308           7 
  309          23 
  310          16 
  311          13 
  312          16 
  313          13 
  314          22 
  315          17 
  316          17 
  317          23 
  318          15 
  319          15 
  320           8 
  321          13 
  322          11 
  323          13 
  324          11 
  325          22 
  326          16 
  327          17 
  328           8 
  329          18 
  330          12 
  331          12 
  332          10 
  333           9 
  334          15 
  335          12 
  336          10 
  337          16 
  338          19 
  339           7 
  340          12 
  341          27 
  342          16 
  343          17 
  344           9 
  345          14 
  346          19 
  347          17 
  348           8 
  349          14 
  350          15 
  351          11 
  352          17 
  353          13 
  354          16 
  355          22 
  356          10 
  357           8 
  358          14 
  359          13 
  360          18 
  361          14 
  362          10 
  363          10 
  364           5 
  365          12 
  366          10 
  367          18 
  368          20 
  369          11 
  370           9 
  371          14 
  372          12 
  373          17 
  374          11 
  375          18 
  376          15 
  377          10 
  378          11 
  379          19 
  380          15 
  381          12 
  382          11 
  383          15 
  384          11 
  385          16 
  386          14 
  387          13 
  388          14 
  389          12 
  390          12 
  391          13 
  392          14 
  393           6 
  394          11 
  395           9 
  396          10 
  397          13 
  398          10 
  399          13 
  400          10 
  401          12 
  402          19 
  403          10 
  404          13 
  405           9 
  406          10 
  407           7 
  408          15 
  409          19 
  410          14 
  411          20 
  412          14 
  413          16 
  414          15 
  415          21 
  416          10 
  417          10 
  418          14 
  419          12 
  420          15 
  421          13 
  422           9 
  423          15 
  424          11 
  425          15 
  426          14 
  427          11 
  428          15 
  429          13 
  430          18 
  431           9 
  432          14 
  433          16 
  434          16 
  435          15 
  436           8 
  437          15 
  438          13 
  439          23 
  440           7 
  441          15 
  442          11 
  443          18 
  444          11 
  445           9 
  446          16 
  447          12 
  448           9 
  449          11 
  450           8 
  451          10 
  452          11 
  453          13 
  454           8 
  455          14 
  456          11 
  457          13 
  458           9 
  459          14 
  460          14 
  461          11 
  462          11 
  463           6 
  464          10 
  465          15 
  466          13 
  467          12 
  468          12 
  469          11 
  470          12 
  471          10 
  472          13 
  473          13 
  474          15 
  475          10 
  476          14 
  477           8 
  478           9 
  479          15 
  480          11 
  481          15 
  482           9 
  483           0 
  484           0 
  485           0 
  486           0 
  487           0 
  488           0 
  489           0 
  490           0 
  491           0 
  492           0 
  493           0 
  494           0 
  495           0 
  496           0 
  497           0 
  498           0 
  499           0 
  500           0 
  501           0 
  502           0 
  503           0 
  504           0 
  505           0 
  506           0 
  507           0 
  508           0 
  509           0 
  510           0 
  511           0 
  512           0 
