    1           0 
    2           0 
    3           0 
    4           0 
    5           1 
    6           2 
    7           2 
    8           2 
    9           0 
   10           2 
   11           1 
   12           0 
   13           5 
   14           2 
   15           3 
   16           4 
   17           2 
   18           1 
   19           1 
   20           0 
   21           0 
   22           2 
   23           0 
   24           1 
   25           4 
   26           3 
   27           0 
   28           1 
   29           0 
   30           3 
   31           0 
   32           0 
   33           1 
   34           1 
   35           2 
   36           2 
   37           1 
   38           0 
   39           0 
   40           0 
   41           3 
   42           0 
   43           1 
   44           0 
   45           2 
   46           1 
   47           2 
   48           1 
   49           2 
   50           0 
   51           1 
   52           2 
   53           0 
   54           1 
   55           0 
   56           1 
   57           0 
   58           1 
   59           2 
   60           1 
   61           0 
   62           1 
   63           0 
   64           1 
   65           3 
   66           2 
   67           3 
   68           0 
   69           0 
   70           0 
   71           0 
   72           3 
   73           2 
   74           1 
   75           0 
   76           2 
   77           0 
   78           1 
   79           2 
   80           1 
   81           0 
   82           1 
   83           2 
   84           0 
   85           1 
   86           1 
   87           1 
   88           0 
   89           0 
   90           1 
   91           1 
   92           1 
   93           1 
   94           1 
   95           0 
   96           3 
   97           0 
   98           0 
   99           2 
  100           0 
  101           0 
  102           0 
  103           0 
  104           0 
  105           1 
  106           1 
  107           1 
  108           0 
  109           2 
  110           0 
  111           1 
  112           0 
  113           0 
  114           0 
  115           2 
  116           1 
  117           0 
  118           0 
  119           1 
  120           2 
  121           0 
  122           0 
  123           1 
  124           0 
  125           0 
  126           2 
  127           1 
  128           1 
  129           0 
  130           1 
  131           1 
  132           0 
  133           0 
  134           0 
  135           0 
  136           0 
  137           0 
  138           0 
  139           1 
  140           1 
  141           0 
  142           0 
  143           0 
  144           0 
  145           1 
  146           0 
  147           0 
  148           0 
  149           0 
  150           0 
  151           0 
  152           0 
  153           0 
  154           0 
  155           0 
  156           1 
  157           0 
  158           2 
  159           0 
  160           0 
  161           2 
  162           1 
  163           0 
  164           0 
  165           1 
  166           0 
  167           1 
  168           0 
  169           0 
  170           0 
  171           0 
  172           0 
  173           0 
  174           0 
  175           1 
  176           1 
  177           0 
  178           1 
  179           0 
  180           0 
  181           1 
  182           1 
  183           0 
  184           0 
  185           0 
  186           1 
  187           1 
  188           0 
  189           0 
  190           0 
  191           0 
  192           1 
  193           0 
  194           0 
  195           0 
  196           0 
  197           0 
  198           0 
  199           0 
  200           0 
  201           0 
  202           1 
  203           0 
  204           1 
  205           0 
  206           0 
  207           0 
  208           0 
  209           0 
  210           0 
  211           0 
  212           0 
  213           0 
  214           0 
  215           0 
  216           0 
  217           0 
  218           1 
  219           0 
  220           1 
  221           0 
  222           0 
  223           0 
  224           0 
  225           0 
  226           0 
  227           0 
  228           0 
  229           0 
  230           0 
  231           1 
  232           0 
  233           0 
  234           0 
  235           0 
  236           0 
  237           0 
  238           0 
  239           1 
  240           0 
  241           0 
  242           0 
  243           0 
  244           0 
  245           0 
  246           0 
  247           0 
  248           0 
  249           0 
  250           0 
  251           0 
  252           0 
  253           0 
  254           0 
  255           0 
  256           0 
  257           0 
  258           0 
  259           0 
  260           0 
  261           0 
  262           0 
  263           0 
  264           0 
  265           0 
  266           0 
  267           0 
  268           0 
  269           0 
  270           1 
  271           0 
  272           0 
  273           0 
  274           0 
  275           0 
  276           0 
  277           0 
  278           0 
  279           0 
  280           0 
  281           0 
  282           1 
  283           1 
  284           0 
  285           0 
  286           0 
  287           0 
  288           0 
  289           0 
  290           0 
  291           0 
  292           1 
  293           0 
  294           0 
  295           0 
  296           1 
  297           0 
  298           0 
  299           1 
  300           1 
  301           0 
  302           0 
  303           0 
  304           0 
  305           0 
  306           1 
  307           0 
  308           0 
  309           0 
  310           0 
  311           0 
  312           0 
  313           1 
  314           0 
  315           0 
  316           0 
  317           0 
  318           0 
  319           0 
  320           0 
  321           0 
  322           0 
  323           0 
  324           0 
  325           0 
  326           0 
  327           0 
  328           0 
  329           0 
  330           0 
  331           0 
  332           1 
  333           0 
  334           0 
  335           0 
  336           0 
  337           0 
  338           0 
  339           0 
  340           0 
  341           0 
  342           0 
  343           0 
  344           0 
  345           0 
  346           0 
  347           0 
  348           0 
  349           0 
  350           0 
  351           0 
  352           0 
  353           0 
  354           0 
  355           0 
  356           0 
  357           0 
  358           0 
  359           0 
  360           0 
  361           0 
  362           0 
  363           0 
  364           0 
  365           0 
  366           0 
  367           0 
  368           1 
  369           0 
  370           0 
  371           0 
  372           0 
  373           1 
  374           0 
  375           0 
  376           0 
  377           0 
  378           0 
  379           0 
  380           0 
  381           0 
  382           0 
  383           0 
  384           0 
  385           0 
  386           0 
  387           0 
  388           0 
  389           0 
  390           0 
  391           1 
  392           0 
  393           0 
  394           0 
  395           1 
  396           0 
  397           0 
  398           1 
  399           0 
  400           0 
  401           0 
  402           0 
  403           0 
  404           0 
  405           1 
  406           0 
  407           0 
  408           0 
  409           1 
  410           1 
  411           0 
  412           1 
  413           1 
  414           0 
  415           0 
  416           0 
  417           1 
  418           1 
  419           0 
  420           0 
  421           0 
  422           1 
  423           0 
  424           0 
  425           0 
  426           0 
  427           1 
  428           0 
  429           1 
  430           0 
  431           1 
  432           0 
  433           0 
  434           1 
  435           1 
  436           0 
  437           0 
  438           0 
  439           0 
  440           0 
  441           0 
  442           0 
  443           1 
  444           0 
  445           0 
  446           0 
  447           0 
  448           0 
  449           0 
  450           0 
  451           1 
  452           0 
  453           0 
  454           0 
  455           0 
  456           1 
  457           0 
  458           0 
  459           0 
  460           1 
  461           0 
  462           1 
  463           1 
  464           1 
  465           0 
  466           0 
  467           0 
  468           0 
  469           1 
  470           0 
  471           0 
  472           0 
  473           0 
  474           0 
  475           1 
  476           0 
  477           0 
  478           0 
  479           1 
  480           2 
  481           0 
  482           0 
  483           0 
  484           0 
  485           0 
  486           0 
  487           0 
  488           0 
  489           0 
  490           0 
  491           0 
  492           0 
  493           0 
  494           0 
  495           0 
  496           0 
  497           0 
  498           0 
  499           0 
  500           0 
  501           0 
  502           0 
  503           0 
  504           0 
  505           0 
  506           0 
  507           0 
  508           0 
  509           0 
  510           0 
  511           0 
  512           0 
