    1           0 
    2           0 
    3           0 
    4           0 
    5           2 
    6           6 
    7          23 
    8          51 
    9          81 
   10         122 
   11         120 
   12         134 
   13         131 
   14         139 
   15         113 
   16          86 
   17          92 
   18          98 
   19          92 
   20          78 
   21          76 
   22          70 
   23          62 
   24          52 
   25          46 
   26          69 
   27          61 
   28          50 
   29          64 
   30          54 
   31          46 
   32          43 
   33          50 
   34          38 
   35          57 
   36          39 
   37          47 
   38          34 
   39          44 
   40          41 
   41          35 
   42          42 
   43          35 
   44          35 
   45          44 
   46          33 
   47          37 
   48          46 
   49          37 
   50          45 
   51          38 
   52          33 
   53          31 
   54          45 
   55          31 
   56          27 
   57          36 
   58          30 
   59          34 
   60          24 
   61          29 
   62          20 
   63          28 
   64          39 
   65          32 
   66          30 
   67          18 
   68          28 
   69          20 
   70          23 
   71          23 
   72          22 
   73          32 
   74          23 
   75          26 
   76          21 
   77          29 
   78          21 
   79          30 
   80          20 
   81          15 
   82          23 
   83          20 
   84          19 
   85          21 
   86          21 
   87          27 
   88          21 
   89          21 
   90          15 
   91          15 
   92          16 
   93          22 
   94          15 
   95          16 
   96          14 
   97          18 
   98          15 
   99          12 
  100          21 
  101          20 
  102          11 
  103          18 
  104          16 
  105          23 
  106           7 
  107          16 
  108          13 
  109          17 
  110           9 
  111           9 
  112          18 
  113          10 
  114          14 
  115          17 
  116          18 
  117          11 
  118           5 
  119          15 
  120          15 
  121           4 
  122          11 
  123          14 
  124          17 
  125          14 
  126          11 
  127          10 
  128          17 
  129           8 
  130          12 
  131          11 
  132          16 
  133          10 
  134           8 
  135          10 
  136           6 
  137           9 
  138           9 
  139           8 
  140          10 
  141          12 
  142          15 
  143           9 
  144           6 
  145           4 
  146           7 
  147           8 
  148          12 
  149          11 
  150          12 
  151           8 
  152           3 
  153           8 
  154           7 
  155           9 
  156          10 
  157          13 
  158           9 
  159           9 
  160           9 
  161          10 
  162           9 
  163          12 
  164           5 
  165          11 
  166           7 
  167          11 
  168           7 
  169           2 
  170           7 
  171           7 
  172           9 
  173          10 
  174           8 
  175           3 
  176           8 
  177           5 
  178           9 
  179           5 
  180           6 
  181           7 
  182           6 
  183           6 
  184           6 
  185           8 
  186          14 
  187           6 
  188          11 
  189           8 
  190           5 
  191           5 
  192           6 
  193           6 
  194           4 
  195           3 
  196           5 
  197           8 
  198           3 
  199           6 
  200           7 
  201           9 
  202           6 
  203           2 
  204           7 
  205           9 
  206           6 
  207           7 
  208          11 
  209           7 
  210           7 
  211           1 
  212           4 
  213           7 
  214          12 
  215           8 
  216           3 
  217           8 
  218           4 
  219           4 
  220           9 
  221           6 
  222           8 
  223           9 
  224           5 
  225           7 
  226           4 
  227           6 
  228          11 
  229          10 
  230           7 
  231           5 
  232           5 
  233           3 
  234           9 
  235           8 
  236           8 
  237           5 
  238           6 
  239           5 
  240           6 
  241           9 
  242           4 
  243           6 
  244          10 
  245           5 
  246           8 
  247           5 
  248           7 
  249           7 
  250           6 
  251           9 
  252           8 
  253           7 
  254           7 
  255           5 
  256           7 
  257           7 
  258           9 
  259           4 
  260           7 
  261           5 
  262           3 
  263           4 
  264           5 
  265           5 
  266           8 
  267           6 
  268           4 
  269           7 
  270           3 
  271           9 
  272           3 
  273           5 
  274           5 
  275           6 
  276           9 
  277           4 
  278           5 
  279           3 
  280           8 
  281           4 
  282           5 
  283           4 
  284           8 
  285           3 
  286           8 
  287          10 
  288           4 
  289           3 
  290           4 
  291           5 
  292           9 
  293           2 
  294           6 
  295           7 
  296           6 
  297           3 
  298           4 
  299           6 
  300           4 
  301           4 
  302           4 
  303           6 
  304           4 
  305           6 
  306           3 
  307           5 
  308           6 
  309           6 
  310           6 
  311           4 
  312           7 
  313           6 
  314           4 
  315           5 
  316           5 
  317           6 
  318           4 
  319           6 
  320           5 
  321           2 
  322           3 
  323           4 
  324           3 
  325           3 
  326           1 
  327           5 
  328           4 
  329           2 
  330           6 
  331           5 
  332           8 
  333           2 
  334           7 
  335           2 
  336           8 
  337           7 
  338           6 
  339           2 
  340           4 
  341           5 
  342           3 
  343           8 
  344           3 
  345          10 
  346           0 
  347           4 
  348           4 
  349           4 
  350           6 
  351           7 
  352           7 
  353           2 
  354           2 
  355           7 
  356           4 
  357           4 
  358           4 
  359           3 
  360           5 
  361           6 
  362           4 
  363           4 
  364           5 
  365           1 
  366           4 
  367           3 
  368           6 
  369           5 
  370           7 
  371           6 
  372           3 
  373           4 
  374           2 
  375           4 
  376           4 
  377           9 
  378           3 
  379           7 
  380           2 
  381           2 
  382           3 
  383           6 
  384           6 
  385           6 
  386           7 
  387           5 
  388           1 
  389           5 
  390           2 
  391           2 
  392           4 
  393           5 
  394           3 
  395           7 
  396           6 
  397           2 
  398           2 
  399           3 
  400           2 
  401           5 
  402           4 
  403           8 
  404           5 
  405           6 
  406           3 
  407           4 
  408           7 
  409           3 
  410           9 
  411           8 
  412           4 
  413           7 
  414           2 
  415           9 
  416           3 
  417           3 
  418           3 
  419           2 
  420           2 
  421           3 
  422          10 
  423           4 
  424           5 
  425           8 
  426           7 
  427           2 
  428           3 
  429           4 
  430           4 
  431           4 
  432           2 
  433           3 
  434           3 
  435           4 
  436           5 
  437           3 
  438           6 
  439           6 
  440           7 
  441           3 
  442           5 
  443           6 
  444           3 
  445           3 
  446           4 
  447           6 
  448           5 
  449           5 
  450           5 
  451           7 
  452           1 
  453           5 
  454           7 
  455           6 
  456           5 
  457           2 
  458           7 
  459           2 
  460           7 
  461           1 
  462           5 
  463           1 
  464           3 
  465           5 
  466           1 
  467           3 
  468           3 
  469           3 
  470           4 
  471           7 
  472           3 
  473           5 
  474           8 
  475           4 
  476           9 
  477           9 
  478           2 
  479           4 
  480           5 
  481           3 
  482           1 
  483           0 
  484           0 
  485           0 
  486           0 
  487           0 
  488           0 
  489           0 
  490           0 
  491           0 
  492           0 
  493           0 
  494           0 
  495           0 
  496           0 
  497           0 
  498           0 
  499           0 
  500           0 
  501           0 
  502           0 
  503           0 
  504           0 
  505           0 
  506           0 
  507           0 
  508           0 
  509           0 
  510           0 
  511           0 
  512           0 
