    1           0 
    2           0 
    3         105 
    4         315 
    5         320 
    6         355 
    7         328 
    8         348 
    9         283 
   10         234 
   11         211 
   12         182 
   13         217 
   14         229 
   15         223 
   16         209 
   17         160 
   18         142 
   19         145 
   20         151 
   21         153 
   22         147 
   23         132 
   24         126 
   25         145 
   26         129 
   27         126 
   28         133 
   29         144 
   30         107 
   31         104 
   32         118 
   33         132 
   34         107 
   35         104 
   36         115 
   37         108 
   38          92 
   39         109 
   40         115 
   41          99 
   42          81 
   43          91 
   44          98 
   45          95 
   46         100 
   47          91 
   48          91 
   49          80 
   50          93 
   51          81 
   52          92 
   53          78 
   54          80 
   55          86 
   56          73 
   57          71 
   58          69 
   59          74 
   60          69 
   61          76 
   62          69 
   63          68 
   64          88 
   65          68 
   66          72 
   67          67 
   68          73 
   69          60 
   70          60 
   71          65 
   72          67 
   73          66 
   74          71 
   75          69 
   76          56 
   77          55 
   78          62 
   79          65 
   80          62 
   81          65 
   82          53 
   83          45 
   84          58 
   85          56 
   86          50 
   87          33 
   88          53 
   89          55 
   90          52 
   91          77 
   92          54 
   93          58 
   94          40 
   95          62 
   96          53 
   97          43 
   98          39 
   99          50 
  100          44 
  101          50 
  102          65 
  103          48 
  104          38 
  105          38 
  106          30 
  107          43 
  108          49 
  109          41 
  110          42 
  111          38 
  112          50 
  113          34 
  114          43 
  115          42 
  116          38 
  117          46 
  118          40 
  119          36 
  120          42 
  121          40 
  122          37 
  123          27 
  124          39 
  125          29 
  126          35 
  127          36 
  128          37 
  129          29 
  130          36 
  131          33 
  132          39 
  133          32 
  134          36 
  135          41 
  136          27 
  137          24 
  138          26 
  139          28 
  140          29 
  141          23 
  142          25 
  143          32 
  144          35 
  145          25 
  146          31 
  147          27 
  148          36 
  149          19 
  150          43 
  151          37 
  152          26 
  153          28 
  154          28 
  155          26 
  156          24 
  157          18 
  158          30 
  159          30 
  160          20 
  161          24 
  162          19 
  163          30 
  164          37 
  165          18 
  166          34 
  167          21 
  168          25 
  169          26 
  170          25 
  171          22 
  172          16 
  173          31 
  174          21 
  175          20 
  176          27 
  177          33 
  178          24 
  179          27 
  180          32 
  181          39 
  182          25 
  183          27 
  184          25 
  185          21 
  186          25 
  187          25 
  188          22 
  189          24 
  190          19 
  191          19 
  192          22 
  193          17 
  194          13 
  195          19 
  196          18 
  197          21 
  198          33 
  199          20 
  200          20 
  201          19 
  202          18 
  203          23 
  204          16 
  205          19 
  206          19 
  207          15 
  208          23 
  209          20 
  210          20 
  211          16 
  212          16 
  213          18 
  214          15 
  215          25 
  216          16 
  217          19 
  218          15 
  219          14 
  220          13 
  221          17 
  222          18 
  223          16 
  224          14 
  225          16 
  226          17 
  227          20 
  228          18 
  229          16 
  230          19 
  231          13 
  232          13 
  233          18 
  234          15 
  235          14 
  236          15 
  237          16 
  238          18 
  239          13 
  240          15 
  241          12 
  242          15 
  243          17 
  244          18 
  245          20 
  246          17 
  247           7 
  248          18 
  249          13 
  250          11 
  251          18 
  252          16 
  253          24 
  254          15 
  255          20 
  256          11 
  257          23 
  258          11 
  259          15 
  260          13 
  261          17 
  262          17 
  263          17 
  264          14 
  265          17 
  266          13 
  267          12 
  268          14 
  269          12 
  270          13 
  271           7 
  272          14 
  273          18 
  274          13 
  275          12 
  276          19 
  277          11 
  278          15 
  279          18 
  280          16 
  281          21 
  282          19 
  283           9 
  284          14 
  285          11 
  286          13 
  287          12 
  288          17 
  289          20 
  290          12 
  291          13 
  292          13 
  293          12 
  294          11 
  295          17 
  296          18 
  297          15 
  298          19 
  299          15 
  300           8 
  301          14 
  302          12 
  303          13 
  304          12 
  305           8 
  306          10 
  307          18 
  308          10 
  309          17 
  310           8 
  311          22 
  312          17 
  313          15 
  314          24 
  315          12 
  316           8 
  317          12 
  318          14 
  319          15 
  320          16 
  321          13 
  322          12 
  323          13 
  324          17 
  325          17 
  326          11 
  327          20 
  328          12 
  329           9 
  330          20 
  331          13 
  332          12 
  333          11 
  334           8 
  335          14 
  336          14 
  337          10 
  338          18 
  339          10 
  340          14 
  341          19 
  342          11 
  343          10 
  344          13 
  345          12 
  346           8 
  347          11 
  348          17 
  349          19 
  350          19 
  351          15 
  352          19 
  353          13 
  354          14 
  355          11 
  356          13 
  357          11 
  358          16 
  359           8 
  360          16 
  361          16 
  362          11 
  363          14 
  364           9 
  365           9 
  366          16 
  367          13 
  368          14 
  369          12 
  370          22 
  371          11 
  372          10 
  373           9 
  374          14 
  375          17 
  376          18 
  377          11 
  378          15 
  379          17 
  380           9 
  381           7 
  382          12 
  383           8 
  384          11 
  385          10 
  386          13 
  387          15 
  388           8 
  389           8 
  390          14 
  391          14 
  392          14 
  393           4 
  394          11 
  395          12 
  396          12 
  397          10 
  398          12 
  399          11 
  400           6 
  401          12 
  402          14 
  403           8 
  404          14 
  405          13 
  406          11 
  407          11 
  408          13 
  409          11 
  410          10 
  411          12 
  412           5 
  413          15 
  414          17 
  415           7 
  416          11 
  417          15 
  418          11 
  419          13 
  420           9 
  421          14 
  422          14 
  423          12 
  424          15 
  425           5 
  426          16 
  427           9 
  428           9 
  429          11 
  430          14 
  431          14 
  432           7 
  433          17 
  434           9 
  435          12 
  436          15 
  437           7 
  438          10 
  439           8 
  440           9 
  441          11 
  442          10 
  443          12 
  444          10 
  445           9 
  446          14 
  447          14 
  448           4 
  449          11 
  450          13 
  451          14 
  452          12 
  453          10 
  454          13 
  455          13 
  456          17 
  457           8 
  458          16 
  459          17 
  460           9 
  461          14 
  462          12 
  463          13 
  464           8 
  465          10 
  466          17 
  467          13 
  468          10 
  469           6 
  470           9 
  471           6 
  472          12 
  473          16 
  474          10 
  475           7 
  476           8 
  477          16 
  478           8 
  479          17 
  480          14 
  481          10 
  482          13 
  483          12 
  484          10 
  485          15 
  486          11 
  487          14 
  488          11 
  489          10 
  490           9 
  491          10 
  492          10 
  493           5 
  494           6 
  495          13 
  496          10 
  497          10 
  498          16 
  499          15 
  500          18 
  501           6 
  502           0 
  503           0 
  504           0 
  505           0 
  506           0 
  507           0 
  508           0 
  509           0 
  510           0 
  511           0 
  512           0 
