    1          16 
    2          24 
    3          27 
    4          33 
    5          44 
    6          55 
    7          47 
    8          29 
    9          27 
   10          22 
   11          37 
   12          34 
   13          25 
   14          22 
   15          21 
   16          32 
   17          29 
   18          11 
   19          20 
   20          26 
   21          22 
   22          21 
   23          29 
   24          20 
   25          30 
   26          23 
   27          14 
   28          26 
   29          20 
   30          21 
   31          18 
   32          23 
   33          20 
   34          25 
   35          22 
   36          28 
   37          18 
   38          23 
   39          22 
   40          16 
   41          18 
   42          25 
   43          20 
   44          20 
   45          16 
   46          21 
   47          20 
   48          13 
   49          19 
   50          22 
   51          24 
   52          19 
   53          19 
   54          18 
   55          12 
   56          14 
   57          18 
   58          21 
   59          10 
   60          15 
   61          15 
   62          19 
   63          16 
   64          12 
   65          16 
   66          10 
   67          15 
   68          16 
   69          14 
   70          13 
   71          16 
   72          13 
   73          12 
   74           6 
   75           9 
   76          11 
   77           7 
   78          12 
   79          11 
   80           6 
   81          13 
   82          15 
   83           8 
   84          12 
   85          14 
   86           9 
   87          10 
   88          11 
   89           7 
   90          11 
   91           9 
   92           7 
   93           7 
   94          13 
   95           7 
   96          12 
   97          12 
   98          10 
   99           7 
  100          14 
  101          14 
  102          13 
  103          18 
  104          10 
  105          10 
  106           6 
  107           6 
  108           9 
  109           4 
  110          13 
  111          10 
  112           8 
  113           8 
  114           8 
  115           4 
  116           9 
  117           5 
  118           5 
  119           5 
  120           6 
  121           7 
  122           7 
  123           7 
  124          10 
  125           8 
  126           4 
  127           9 
  128           8 
  129           6 
  130          10 
  131           3 
  132           6 
  133           7 
  134           4 
  135           6 
  136           5 
  137          10 
  138           9 
  139           3 
  140           5 
  141           3 
  142           4 
  143           1 
  144           5 
  145           3 
  146           2 
  147           6 
  148           6 
  149           6 
  150           8 
  151           4 
  152           4 
  153           3 
  154           9 
  155           2 
  156           4 
  157           3 
  158           2 
  159           6 
  160           7 
  161           6 
  162           5 
  163           6 
  164           2 
  165           8 
  166           4 
  167           7 
  168           6 
  169           3 
  170           5 
  171           5 
  172           3 
  173           6 
  174           6 
  175           1 
  176           5 
  177           6 
  178           4 
  179           4 
  180           7 
  181           1 
  182           6 
  183           2 
  184           4 
  185           2 
  186           9 
  187           1 
  188           3 
  189           1 
  190           4 
  191           2 
  192           5 
  193           7 
  194           6 
  195           8 
  196           3 
  197           4 
  198           4 
  199           2 
  200           7 
  201           5 
  202           4 
  203           2 
  204           2 
  205           7 
  206           1 
  207           3 
  208           4 
  209           3 
  210           3 
  211           5 
  212           6 
  213           2 
  214           3 
  215           4 
  216           5 
  217           2 
  218           3 
  219           3 
  220           5 
  221           3 
  222           3 
  223           4 
  224           5 
  225           3 
  226           4 
  227           1 
  228           1 
  229           2 
  230           5 
  231           6 
  232           2 
  233           4 
  234           5 
  235           5 
  236           4 
  237           6 
  238           3 
  239           1 
  240           2 
  241           2 
  242           2 
  243           9 
  244           3 
  245           3 
  246           3 
  247           3 
  248           7 
  249           4 
  250           3 
  251           2 
  252           5 
  253           6 
  254           1 
  255           1 
  256           2 
  257           3 
  258           3 
  259           1 
  260           4 
  261           2 
  262           4 
  263           1 
  264           3 
  265           3 
  266           0 
  267           3 
  268           1 
  269           4 
  270           7 
  271           2 
  272           2 
  273           2 
  274           6 
  275           2 
  276           4 
  277           1 
  278           1 
  279           3 
  280           1 
  281           0 
  282           4 
  283           6 
  284           3 
  285           1 
  286           2 
  287           3 
  288           5 
  289           3 
  290           2 
  291           4 
  292           1 
  293           1 
  294           1 
  295           3 
  296           1 
  297           1 
  298           5 
  299           3 
  300           4 
  301           4 
  302           1 
  303           3 
  304           2 
  305           2 
  306           3 
  307           4 
  308           3 
  309           3 
  310           2 
  311           4 
  312           5 
  313           2 
  314           2 
  315           4 
  316           6 
  317           3 
  318           2 
  319           4 
  320           2 
  321           2 
  322           3 
  323           1 
  324           2 
  325           3 
  326           1 
  327           3 
  328           2 
  329           2 
  330           6 
  331           1 
  332           2 
  333           3 
  334           4 
  335           3 
  336           3 
  337           2 
  338           5 
  339           2 
  340           2 
  341           3 
  342           6 
  343           0 
  344           2 
  345           1 
  346           3 
  347           3 
  348           1 
  349           1 
  350           1 
  351           2 
  352           3 
  353           2 
  354           3 
  355           3 
  356           1 
  357           1 
  358           1 
  359           1 
  360           2 
  361           3 
  362           1 
  363           5 
  364           0 
  365           2 
  366           0 
  367           1 
  368           4 
  369           6 
  370           3 
  371           3 
  372           2 
  373           3 
  374           4 
  375           1 
  376           2 
  377           2 
  378           4 
  379           2 
  380           0 
  381           1 
  382           3 
  383           4 
  384           3 
  385           2 
  386           0 
  387           4 
  388           1 
  389           5 
  390           1 
  391           1 
  392           0 
  393           4 
  394           2 
  395           2 
  396           4 
  397           1 
  398           3 
  399           4 
  400           1 
  401           3 
  402           3 
  403           1 
  404           2 
  405           3 
  406           1 
  407           2 
  408           1 
  409           2 
  410           1 
  411           0 
  412           2 
  413           0 
  414           1 
  415           2 
  416           5 
  417           2 
  418           2 
  419           0 
  420           4 
  421           3 
  422           1 
  423           4 
  424           1 
  425           2 
  426           1 
  427           1 
  428           3 
  429           3 
  430           1 
  431           4 
  432           7 
  433           1 
  434           1 
  435           2 
  436           2 
  437           4 
  438           3 
  439           2 
  440           2 
  441           3 
  442           3 
  443           1 
  444           1 
  445           2 
  446           2 
  447           0 
  448           3 
  449           2 
  450           2 
  451           1 
  452           3 
  453           2 
  454           4 
  455           4 
  456           4 
  457           1 
  458           2 
  459           6 
  460           3 
  461           1 
  462           1 
  463           3 
  464           3 
  465           4 
  466           1 
  467           3 
  468           2 
  469           2 
  470           1 
  471           6 
  472           2 
  473           3 
  474           1 
  475           1 
  476           2 
  477           4 
  478           2 
  479           0 
  480           2 
  481           2 
  482           0 
  483           0 
  484           0 
  485           0 
  486           0 
  487           0 
  488           0 
  489           0 
  490           0 
  491           0 
  492           0 
  493           0 
  494           0 
  495           0 
  496           0 
  497           0 
  498           0 
  499           0 
  500           0 
  501           0 
  502           0 
  503           0 
  504           0 
  505           0 
  506           0 
  507           0 
  508           0 
  509           0 
  510           0 
  511           0 
  512           0 
