    1          45 
    2          43 
    3          47 
    4          61 
    5          89 
    6          70 
    7          61 
    8          49 
    9          32 
   10          45 
   11          50 
   12          45 
   13          57 
   14          51 
   15          30 
   16          30 
   17          37 
   18          36 
   19          32 
   20          29 
   21          38 
   22          31 
   23          36 
   24          31 
   25          30 
   26          47 
   27          30 
   28          27 
   29          38 
   30          36 
   31          46 
   32          41 
   33          38 
   34          35 
   35          31 
   36          40 
   37          26 
   38          17 
   39          36 
   40          20 
   41          36 
   42          21 
   43          28 
   44          25 
   45          23 
   46          31 
   47          24 
   48          25 
   49          14 
   50          24 
   51          27 
   52          20 
   53          24 
   54          13 
   55          21 
   56          18 
   57          15 
   58          21 
   59          18 
   60          18 
   61          28 
   62          28 
   63          22 
   64          21 
   65          14 
   66          17 
   67          19 
   68          16 
   69          12 
   70          22 
   71          16 
   72           8 
   73          18 
   74          12 
   75           8 
   76          12 
   77          13 
   78          18 
   79          12 
   80          15 
   81          12 
   82          17 
   83          16 
   84          19 
   85          16 
   86          18 
   87          13 
   88           9 
   89          19 
   90          20 
   91          11 
   92          16 
   93          10 
   94          15 
   95          12 
   96          11 
   97          18 
   98          12 
   99           6 
  100          15 
  101          16 
  102          16 
  103          12 
  104          13 
  105          23 
  106          16 
  107          14 
  108          15 
  109          18 
  110          14 
  111           7 
  112          11 
  113          15 
  114           7 
  115           8 
  116           9 
  117          11 
  118          12 
  119           7 
  120          10 
  121           9 
  122          14 
  123           9 
  124           9 
  125          10 
  126           7 
  127           6 
  128          13 
  129           7 
  130           9 
  131          11 
  132           8 
  133           6 
  134           6 
  135           8 
  136          13 
  137          14 
  138          10 
  139          17 
  140           8 
  141          16 
  142           4 
  143           7 
  144           6 
  145           6 
  146           3 
  147          11 
  148           6 
  149           8 
  150           8 
  151           9 
  152          10 
  153           9 
  154           6 
  155          10 
  156           7 
  157           9 
  158           5 
  159           8 
  160           7 
  161           9 
  162           5 
  163           7 
  164          10 
  165          10 
  166           6 
  167          10 
  168           8 
  169           9 
  170           9 
  171           4 
  172           9 
  173           7 
  174           7 
  175           7 
  176           8 
  177          11 
  178          10 
  179           3 
  180           7 
  181           9 
  182           3 
  183           8 
  184           9 
  185           7 
  186           6 
  187          10 
  188           3 
  189           9 
  190           2 
  191           2 
  192           5 
  193           3 
  194           3 
  195           4 
  196           2 
  197           6 
  198           4 
  199           1 
  200           6 
  201           3 
  202           5 
  203           7 
  204           6 
  205           7 
  206           4 
  207           8 
  208           6 
  209           0 
  210           9 
  211           8 
  212           3 
  213           3 
  214           2 
  215           4 
  216           3 
  217           3 
  218           8 
  219           1 
  220           5 
  221           3 
  222           5 
  223           7 
  224           4 
  225           2 
  226           2 
  227           2 
  228           7 
  229           5 
  230           4 
  231           3 
  232           3 
  233           8 
  234           3 
  235           3 
  236           4 
  237           2 
  238           3 
  239           2 
  240           2 
  241           2 
  242           2 
  243           5 
  244           3 
  245           6 
  246           0 
  247           4 
  248           8 
  249           5 
  250           4 
  251           5 
  252           2 
  253           5 
  254           3 
  255           5 
  256           6 
  257           9 
  258           1 
  259           7 
  260           3 
  261           2 
  262           1 
  263           5 
  264           4 
  265           4 
  266           5 
  267           6 
  268           2 
  269           3 
  270           6 
  271           5 
  272           4 
  273           2 
  274           3 
  275           9 
  276           3 
  277           1 
  278           0 
  279           4 
  280           2 
  281           4 
  282           3 
  283           9 
  284           4 
  285           3 
  286           4 
  287           4 
  288           5 
  289           4 
  290           5 
  291           2 
  292           4 
  293           3 
  294           2 
  295           1 
  296           4 
  297           5 
  298           3 
  299           4 
  300           2 
  301           2 
  302           4 
  303           4 
  304           5 
  305           8 
  306           3 
  307           3 
  308           2 
  309           2 
  310           5 
  311           3 
  312           6 
  313           3 
  314           6 
  315           2 
  316           1 
  317           2 
  318           2 
  319           5 
  320           6 
  321           3 
  322           6 
  323           5 
  324           1 
  325           3 
  326           0 
  327           7 
  328           5 
  329           3 
  330           3 
  331           2 
  332           2 
  333           1 
  334           3 
  335           4 
  336           3 
  337           7 
  338           2 
  339           2 
  340           3 
  341           1 
  342           5 
  343           5 
  344           6 
  345           8 
  346           5 
  347           2 
  348           2 
  349           1 
  350           2 
  351           5 
  352           2 
  353           1 
  354           3 
  355           5 
  356           1 
  357           1 
  358           2 
  359           6 
  360           3 
  361           2 
  362           6 
  363           1 
  364           5 
  365           3 
  366           3 
  367           3 
  368           3 
  369           2 
  370           3 
  371           3 
  372           6 
  373           3 
  374           4 
  375           4 
  376           1 
  377           8 
  378           4 
  379           2 
  380           4 
  381           5 
  382           3 
  383           2 
  384           1 
  385           5 
  386           4 
  387           4 
  388           3 
  389           3 
  390           2 
  391           3 
  392           2 
  393           4 
  394           1 
  395           0 
  396           2 
  397           3 
  398           5 
  399           1 
  400           1 
  401           6 
  402           1 
  403           4 
  404           8 
  405           6 
  406           5 
  407           6 
  408           3 
  409           2 
  410           5 
  411           4 
  412           3 
  413           1 
  414           3 
  415           6 
  416           2 
  417           4 
  418           4 
  419           3 
  420           2 
  421           5 
  422           5 
  423           3 
  424           3 
  425           3 
  426           6 
  427           3 
  428           5 
  429           5 
  430           2 
  431           4 
  432           3 
  433           2 
  434           2 
  435           7 
  436           3 
  437           2 
  438           3 
  439           5 
  440           5 
  441           3 
  442           4 
  443           1 
  444           3 
  445           6 
  446           3 
  447           1 
  448           8 
  449           4 
  450           3 
  451           6 
  452           5 
  453           1 
  454           3 
  455           4 
  456           4 
  457           2 
  458           2 
  459           4 
  460           5 
  461           4 
  462           3 
  463           2 
  464           2 
  465           1 
  466           2 
  467           1 
  468           4 
  469           2 
  470           1 
  471           2 
  472           4 
  473           4 
  474           2 
  475           6 
  476           4 
  477           2 
  478           3 
  479           1 
  480           3 
  481           5 
  482           0 
  483           0 
  484           0 
  485           0 
  486           0 
  487           0 
  488           0 
  489           0 
  490           0 
  491           0 
  492           0 
  493           0 
  494           0 
  495           0 
  496           0 
  497           0 
  498           0 
  499           0 
  500           0 
  501           0 
  502           0 
  503           0 
  504           0 
  505           0 
  506           0 
  507           0 
  508           0 
  509           0 
  510           0 
  511           0 
  512           0 
