    1          35 
    2         101 
    3          83 
    4          91 
    5         100 
    6         156 
    7         125 
    8          82 
    9          86 
   10          62 
   11          86 
   12          79 
   13          85 
   14          76 
   15          89 
   16          75 
   17          66 
   18          69 
   19          64 
   20          64 
   21          69 
   22          60 
   23          59 
   24          58 
   25          54 
   26          63 
   27          54 
   28          53 
   29          58 
   30          61 
   31          41 
   32          32 
   33          56 
   34          55 
   35          69 
   36          57 
   37          48 
   38          49 
   39          46 
   40          47 
   41          42 
   42          38 
   43          58 
   44          30 
   45          48 
   46          46 
   47          38 
   48          54 
   49          43 
   50          47 
   51          36 
   52          45 
   53          58 
   54          51 
   55          34 
   56          33 
   57          40 
   58          29 
   59          38 
   60          35 
   61          38 
   62          37 
   63          41 
   64          45 
   65          29 
   66          40 
   67          22 
   68          36 
   69          34 
   70          31 
   71          35 
   72          34 
   73          19 
   74          40 
   75          30 
   76          28 
   77          27 
   78          28 
   79          29 
   80          36 
   81          22 
   82          32 
   83          28 
   84          34 
   85          27 
   86          25 
   87          31 
   88          22 
   89          38 
   90          24 
   91          24 
   92          30 
   93          26 
   94          20 
   95          31 
   96          24 
   97          22 
   98          28 
   99          30 
  100          22 
  101          23 
  102          25 
  103          20 
  104          19 
  105          32 
  106          19 
  107          19 
  108          19 
  109          14 
  110          20 
  111          16 
  112          11 
  113          20 
  114          19 
  115          11 
  116          20 
  117          16 
  118          17 
  119          18 
  120          19 
  121          21 
  122          19 
  123          22 
  124          26 
  125          17 
  126          12 
  127          17 
  128          15 
  129          12 
  130          14 
  131          10 
  132          19 
  133          17 
  134          20 
  135          13 
  136          12 
  137          10 
  138          17 
  139          18 
  140          14 
  141          14 
  142          24 
  143          12 
  144          16 
  145          13 
  146           9 
  147          22 
  148          22 
  149           8 
  150          18 
  151           8 
  152          12 
  153          11 
  154          16 
  155          14 
  156          10 
  157          13 
  158          12 
  159          15 
  160           6 
  161          20 
  162           9 
  163          10 
  164          12 
  165          11 
  166          12 
  167          13 
  168          14 
  169          14 
  170          14 
  171          11 
  172          14 
  173          10 
  174           9 
  175           3 
  176           5 
  177          12 
  178          10 
  179           4 
  180          13 
  181          14 
  182           8 
  183          12 
  184          13 
  185          10 
  186           5 
  187           3 
  188           6 
  189          10 
  190           9 
  191           9 
  192          11 
  193          13 
  194          10 
  195          12 
  196           9 
  197          13 
  198          11 
  199           8 
  200          11 
  201           6 
  202          15 
  203          12 
  204           7 
  205          12 
  206           6 
  207          11 
  208          13 
  209          17 
  210          14 
  211           9 
  212           7 
  213           9 
  214          11 
  215           3 
  216          12 
  217           9 
  218          12 
  219           8 
  220           9 
  221          11 
  222           9 
  223           6 
  224           8 
  225           7 
  226          10 
  227           6 
  228           9 
  229           8 
  230           5 
  231           7 
  232           6 
  233          12 
  234          11 
  235           8 
  236           5 
  237          12 
  238           8 
  239           9 
  240           5 
  241          10 
  242           6 
  243           4 
  244           6 
  245           5 
  246          10 
  247           6 
  248           6 
  249           4 
  250          13 
  251           7 
  252           4 
  253           8 
  254           7 
  255           9 
  256           8 
  257           6 
  258           4 
  259           6 
  260           6 
  261           7 
  262           8 
  263           6 
  264           7 
  265           3 
  266           6 
  267           8 
  268           9 
  269           6 
  270           3 
  271           6 
  272           5 
  273           8 
  274           7 
  275           4 
  276           9 
  277           9 
  278           6 
  279           7 
  280           9 
  281           8 
  282           3 
  283          12 
  284           6 
  285           9 
  286          11 
  287           7 
  288           9 
  289           5 
  290           1 
  291          11 
  292          11 
  293           8 
  294           6 
  295           4 
  296           7 
  297           9 
  298           6 
  299           8 
  300           4 
  301           7 
  302           7 
  303           5 
  304           3 
  305           8 
  306           3 
  307           9 
  308           6 
  309           8 
  310           4 
  311          11 
  312           7 
  313           8 
  314           4 
  315           4 
  316          12 
  317           5 
  318          14 
  319           4 
  320          13 
  321           5 
  322          12 
  323           9 
  324           4 
  325           7 
  326           5 
  327           5 
  328           7 
  329           6 
  330           3 
  331           9 
  332           7 
  333           7 
  334           3 
  335           6 
  336           3 
  337           3 
  338           6 
  339           5 
  340           9 
  341           6 
  342           9 
  343           4 
  344           7 
  345           6 
  346           5 
  347           6 
  348           8 
  349           3 
  350           5 
  351           6 
  352           3 
  353           2 
  354           9 
  355           7 
  356           9 
  357           8 
  358           8 
  359           7 
  360           5 
  361           7 
  362           8 
  363           6 
  364           1 
  365           3 
  366           6 
  367           8 
  368           6 
  369           6 
  370           4 
  371           7 
  372           3 
  373           5 
  374           6 
  375           9 
  376           9 
  377           5 
  378           5 
  379           8 
  380           8 
  381           9 
  382           6 
  383           6 
  384           4 
  385           9 
  386           6 
  387           9 
  388           5 
  389           5 
  390           7 
  391           8 
  392           7 
  393           6 
  394          10 
  395           7 
  396           3 
  397           5 
  398           7 
  399           9 
  400           2 
  401           5 
  402           6 
  403           4 
  404           4 
  405           9 
  406           7 
  407           3 
  408          12 
  409           4 
  410           5 
  411           8 
  412           9 
  413           6 
  414           3 
  415           7 
  416           3 
  417           7 
  418           6 
  419           6 
  420          10 
  421           4 
  422           5 
  423           5 
  424           4 
  425           3 
  426           3 
  427          10 
  428           6 
  429           3 
  430           4 
  431           7 
  432           9 
  433           4 
  434           6 
  435           7 
  436           5 
  437           1 
  438           4 
  439           1 
  440           1 
  441           8 
  442           6 
  443           8 
  444           5 
  445           9 
  446           7 
  447           5 
  448           9 
  449           3 
  450           2 
  451           2 
  452           8 
  453           2 
  454           4 
  455           6 
  456          11 
  457           3 
  458          10 
  459           7 
  460           5 
  461           5 
  462           5 
  463           5 
  464           9 
  465          10 
  466           5 
  467           4 
  468           7 
  469           9 
  470           2 
  471           4 
  472           7 
  473           8 
  474           8 
  475           7 
  476           6 
  477           6 
  478           5 
  479          10 
  480           4 
  481           9 
  482          14 
  483           1 
  484           0 
  485           0 
  486           0 
  487           0 
  488           0 
  489           0 
  490           0 
  491           0 
  492           0 
  493           0 
  494           0 
  495           0 
  496           0 
  497           0 
  498           0 
  499           0 
  500           0 
  501           0 
  502           0 
  503           0 
  504           0 
  505           0 
  506           0 
  507           0 
  508           0 
  509           0 
  510           0 
  511           0 
  512           0 
