    1         108 
    2         142 
    3         146 
    4         167 
    5         204 
    6         205 
    7         165 
    8         159 
    9         105 
   10         106 
   11         127 
   12         134 
   13         139 
   14         139 
   15          89 
   16          92 
   17         101 
   18          87 
   19          93 
   20          97 
   21         113 
   22          90 
   23         107 
   24          94 
   25          73 
   26         120 
   27          86 
   28          85 
   29         113 
   30          97 
   31          98 
   32          90 
   33          87 
   34          95 
   35          83 
   36          96 
   37          73 
   38          60 
   39          84 
   40          63 
   41          81 
   42          65 
   43          72 
   44          65 
   45          64 
   46          71 
   47          60 
   48          72 
   49          45 
   50          60 
   51          58 
   52          54 
   53          66 
   54          50 
   55          75 
   56          63 
   57          51 
   58          51 
   59          52 
   60          57 
   61          59 
   62          58 
   63          61 
   64          59 
   65          48 
   66          52 
   67          54 
   68          59 
   69          47 
   70          59 
   71          38 
   72          39 
   73          49 
   74          43 
   75          42 
   76          46 
   77          35 
   78          53 
   79          45 
   80          37 
   81          30 
   82          38 
   83          48 
   84          44 
   85          40 
   86          38 
   87          45 
   88          30 
   89          51 
   90          47 
   91          30 
   92          39 
   93          39 
   94          41 
   95          32 
   96          38 
   97          39 
   98          36 
   99          28 
  100          29 
  101          39 
  102          38 
  103          28 
  104          27 
  105          45 
  106          31 
  107          37 
  108          32 
  109          34 
  110          40 
  111          31 
  112          29 
  113          35 
  114          22 
  115          24 
  116          27 
  117          32 
  118          28 
  119          32 
  120          25 
  121          24 
  122          34 
  123          28 
  124          24 
  125          25 
  126          29 
  127          26 
  128          26 
  129          21 
  130          19 
  131          19 
  132          23 
  133          22 
  134          30 
  135          24 
  136          25 
  137          34 
  138          26 
  139          33 
  140          23 
  141          25 
  142          25 
  143          27 
  144          25 
  145          16 
  146          13 
  147          28 
  148          14 
  149          24 
  150          18 
  151          26 
  152          29 
  153          27 
  154          24 
  155          22 
  156          24 
  157          23 
  158          14 
  159          16 
  160          17 
  161          19 
  162          18 
  163          19 
  164          19 
  165          23 
  166          17 
  167          23 
  168          18 
  169          23 
  170          19 
  171          25 
  172          21 
  173          16 
  174          18 
  175          15 
  176          12 
  177          25 
  178          25 
  179           9 
  180          20 
  181          22 
  182          10 
  183          20 
  184          16 
  185          18 
  186          18 
  187          22 
  188          18 
  189          16 
  190          10 
  191          10 
  192          15 
  193          23 
  194          15 
  195          15 
  196          15 
  197          12 
  198          15 
  199          12 
  200          10 
  201          11 
  202          13 
  203          11 
  204          13 
  205          14 
  206          14 
  207          15 
  208          18 
  209          17 
  210          21 
  211          17 
  212          13 
  213           8 
  214          12 
  215          12 
  216          16 
  217          14 
  218          17 
  219          15 
  220          10 
  221          11 
  222          12 
  223          24 
  224          17 
  225          13 
  226          12 
  227          11 
  228          18 
  229          15 
  230          12 
  231          11 
  232          14 
  233          15 
  234           6 
  235           9 
  236          14 
  237          17 
  238          12 
  239          11 
  240           8 
  241           9 
  242          10 
  243          16 
  244          13 
  245          15 
  246           8 
  247          14 
  248          12 
  249          15 
  250          10 
  251          14 
  252          12 
  253          11 
  254          11 
  255          13 
  256          12 
  257          22 
  258           5 
  259          14 
  260          14 
  261           6 
  262           7 
  263          13 
  264          11 
  265           9 
  266          15 
  267          13 
  268          12 
  269           8 
  270          18 
  271          15 
  272          15 
  273           8 
  274          15 
  275          17 
  276          13 
  277           8 
  278           2 
  279          12 
  280          13 
  281          15 
  282           8 
  283          18 
  284          15 
  285          11 
  286          11 
  287           9 
  288           8 
  289          11 
  290          11 
  291           6 
  292           5 
  293          12 
  294           6 
  295           4 
  296          13 
  297          13 
  298          10 
  299           8 
  300           7 
  301          10 
  302          12 
  303          11 
  304           8 
  305          21 
  306           8 
  307          18 
  308          16 
  309           9 
  310          10 
  311           9 
  312          11 
  313           8 
  314          15 
  315           5 
  316          12 
  317          15 
  318           9 
  319          13 
  320          12 
  321           6 
  322          19 
  323          17 
  324           8 
  325           8 
  326          10 
  327          17 
  328           7 
  329          12 
  330           8 
  331          11 
  332           5 
  333           6 
  334          20 
  335          12 
  336           9 
  337          19 
  338           8 
  339           5 
  340           9 
  341           9 
  342          12 
  343          16 
  344          16 
  345          13 
  346          11 
  347           8 
  348          12 
  349           8 
  350          12 
  351          11 
  352          12 
  353          11 
  354           9 
  355           9 
  356           4 
  357           4 
  358           8 
  359          12 
  360           8 
  361           9 
  362          15 
  363           4 
  364           7 
  365           6 
  366           9 
  367          11 
  368           6 
  369           8 
  370          12 
  371           9 
  372          16 
  373          10 
  374          10 
  375           8 
  376           4 
  377          15 
  378           5 
  379           5 
  380          13 
  381          11 
  382          11 
  383           6 
  384           7 
  385          10 
  386          14 
  387          12 
  388          13 
  389           6 
  390           6 
  391          10 
  392           6 
  393           7 
  394           8 
  395           9 
  396           6 
  397           9 
  398           9 
  399           8 
  400           8 
  401          11 
  402           9 
  403          10 
  404          18 
  405          15 
  406          14 
  407          11 
  408           9 
  409           5 
  410          13 
  411           8 
  412          10 
  413           8 
  414           9 
  415          12 
  416           6 
  417          14 
  418           6 
  419          13 
  420          10 
  421           8 
  422          12 
  423           5 
  424          11 
  425          10 
  426           9 
  427           8 
  428           7 
  429           8 
  430           7 
  431           9 
  432           9 
  433           6 
  434           9 
  435          15 
  436          12 
  437          11 
  438          14 
  439           8 
  440           9 
  441           9 
  442          11 
  443           2 
  444          13 
  445          11 
  446          11 
  447           8 
  448          17 
  449          10 
  450           6 
  451          10 
  452          10 
  453           6 
  454           6 
  455          10 
  456          10 
  457           8 
  458           9 
  459          10 
  460          14 
  461          10 
  462           4 
  463           7 
  464           8 
  465           9 
  466           7 
  467           6 
  468          11 
  469          11 
  470           8 
  471           5 
  472          10 
  473          14 
  474          10 
  475          17 
  476          12 
  477           9 
  478           7 
  479           7 
  480          14 
  481           9 
  482           7 
  483           0 
  484           0 
  485           0 
  486           0 
  487           0 
  488           0 
  489           0 
  490           0 
  491           0 
  492           0 
  493           0 
  494           0 
  495           0 
  496           0 
  497           0 
  498           0 
  499           0 
  500           0 
  501           0 
  502           0 
  503           0 
  504           0 
  505           0 
  506           0 
  507           0 
  508           0 
  509           0 
  510           0 
  511           0 
  512           0 
