    1           0 
    2           0 
    3           0 
    4           0 
    5           2 
    6           0 
    7           2 
    8          11 
    9          21 
   10          21 
   11          20 
   12          25 
   13          22 
   14          17 
   15          13 
   16          12 
   17          21 
   18          19 
   19          14 
   20          12 
   21           8 
   22          16 
   23          12 
   24          11 
   25          12 
   26          14 
   27          11 
   28          12 
   29          16 
   30          12 
   31           9 
   32          11 
   33           7 
   34           8 
   35           4 
   36           7 
   37           4 
   38          10 
   39           7 
   40           5 
   41           5 
   42          13 
   43           8 
   44           9 
   45           6 
   46          11 
   47           8 
   48           5 
   49           6 
   50           5 
   51           5 
   52           6 
   53           6 
   54           6 
   55           5 
   56           7 
   57           8 
   58           4 
   59          10 
   60           4 
   61           6 
   62           7 
   63          11 
   64           9 
   65           8 
   66           5 
   67           6 
   68           4 
   69           4 
   70           7 
   71           5 
   72          13 
   73           7 
   74           4 
   75           9 
   76           2 
   77           8 
   78           7 
   79           5 
   80           7 
   81           6 
   82           4 
   83           5 
   84           4 
   85           5 
   86           5 
   87           6 
   88           8 
   89           3 
   90           5 
   91           3 
   92           5 
   93           2 
   94           4 
   95           3 
   96           2 
   97           3 
   98           4 
   99           2 
  100           3 
  101           1 
  102           1 
  103           4 
  104           4 
  105           5 
  106           0 
  107           2 
  108           2 
  109           3 
  110           4 
  111           3 
  112           4 
  113           4 
  114           4 
  115           4 
  116           4 
  117           0 
  118           3 
  119           2 
  120           3 
  121           4 
  122           1 
  123           2 
  124           5 
  125           4 
  126           1 
  127           6 
  128           2 
  129           3 
  130           2 
  131           3 
  132           3 
  133           5 
  134           2 
  135           1 
  136           1 
  137           1 
  138           2 
  139           1 
  140           7 
  141           1 
  142           2 
  143           0 
  144           1 
  145           5 
  146           2 
  147           4 
  148           1 
  149           2 
  150           5 
  151           2 
  152           3 
  153           7 
  154           3 
  155           3 
  156           3 
  157           3 
  158           0 
  159           2 
  160           2 
  161           3 
  162           1 
  163           0 
  164           2 
  165           1 
  166           1 
  167           3 
  168           2 
  169           1 
  170           0 
  171           2 
  172           3 
  173           0 
  174           2 
  175           0 
  176           1 
  177           3 
  178           2 
  179           0 
  180           2 
  181           2 
  182           5 
  183           4 
  184           3 
  185           5 
  186           1 
  187           1 
  188           2 
  189           0 
  190           2 
  191           0 
  192           1 
  193           1 
  194           4 
  195           0 
  196           3 
  197           1 
  198           2 
  199           1 
  200           2 
  201           1 
  202           2 
  203           2 
  204           0 
  205           3 
  206           2 
  207           2 
  208           3 
  209           3 
  210           1 
  211           0 
  212           4 
  213           1 
  214           1 
  215           2 
  216           1 
  217           1 
  218           1 
  219           0 
  220           1 
  221           3 
  222           2 
  223           0 
  224           3 
  225           3 
  226           0 
  227           1 
  228           2 
  229           5 
  230           4 
  231           1 
  232           2 
  233           1 
  234           0 
  235           0 
  236           2 
  237           0 
  238           1 
  239           1 
  240           1 
  241           3 
  242           4 
  243           1 
  244           1 
  245           2 
  246           0 
  247           0 
  248           1 
  249           1 
  250           4 
  251           1 
  252           1 
  253           1 
  254           1 
  255           0 
  256           1 
  257           0 
  258           0 
  259           1 
  260           3 
  261           0 
  262           0 
  263           2 
  264           0 
  265           5 
  266           1 
  267           3 
  268           4 
  269           2 
  270           1 
  271           1 
  272           1 
  273           0 
  274           1 
  275           2 
  276           1 
  277           0 
  278           2 
  279           0 
  280           3 
  281           1 
  282           0 
  283           2 
  284           2 
  285           2 
  286           1 
  287           1 
  288           0 
  289           2 
  290           2 
  291           0 
  292           1 
  293           0 
  294           0 
  295           2 
  296           0 
  297           2 
  298           0 
  299           0 
  300           4 
  301           0 
  302           2 
  303           0 
  304           0 
  305           0 
  306           2 
  307           2 
  308           1 
  309           2 
  310           1 
  311           0 
  312           1 
  313           2 
  314           0 
  315           1 
  316           1 
  317           1 
  318           1 
  319           0 
  320           1 
  321           1 
  322           0 
  323           2 
  324           1 
  325           0 
  326           2 
  327           0 
  328           0 
  329           1 
  330           3 
  331           1 
  332           0 
  333           2 
  334           0 
  335           1 
  336           3 
  337           1 
  338           1 
  339           2 
  340           2 
  341           1 
  342           0 
  343           2 
  344           1 
  345           2 
  346           0 
  347           0 
  348           2 
  349           1 
  350           1 
  351           4 
  352           1 
  353           1 
  354           1 
  355           0 
  356           0 
  357           0 
  358           0 
  359           1 
  360           0 
  361           4 
  362           5 
  363           0 
  364           1 
  365           0 
  366           1 
  367           1 
  368           1 
  369           1 
  370           1 
  371           0 
  372           1 
  373           0 
  374           1 
  375           3 
  376           3 
  377           1 
  378           1 
  379           2 
  380           1 
  381           0 
  382           0 
  383           1 
  384           0 
  385           1 
  386           0 
  387           2 
  388           1 
  389           0 
  390           1 
  391           2 
  392           2 
  393           1 
  394           0 
  395           1 
  396           2 
  397           0 
  398           3 
  399           0 
  400           2 
  401           2 
  402           1 
  403           1 
  404           3 
  405           0 
  406           0 
  407           0 
  408           4 
  409           1 
  410           0 
  411           2 
  412           1 
  413           0 
  414           1 
  415           2 
  416           0 
  417           3 
  418           1 
  419           1 
  420           0 
  421           0 
  422           0 
  423           0 
  424           0 
  425           2 
  426           2 
  427           0 
  428           2 
  429           1 
  430           1 
  431           0 
  432           0 
  433           1 
  434           1 
  435           1 
  436           1 
  437           2 
  438           3 
  439           0 
  440           0 
  441           1 
  442           1 
  443           0 
  444           0 
  445           1 
  446           0 
  447           0 
  448           0 
  449           0 
  450           1 
  451           1 
  452           2 
  453           0 
  454           1 
  455           1 
  456           0 
  457           0 
  458           1 
  459           0 
  460           1 
  461           0 
  462           0 
  463           0 
  464           0 
  465           0 
  466           1 
  467           0 
  468           1 
  469           1 
  470           0 
  471           1 
  472           1 
  473           1 
  474           1 
  475           0 
  476           1 
  477           0 
  478           3 
  479           2 
  480           2 
  481           2 
  482           0 
  483           0 
  484           0 
  485           0 
  486           0 
  487           0 
  488           0 
  489           0 
  490           0 
  491           0 
  492           0 
  493           0 
  494           0 
  495           0 
  496           0 
  497           0 
  498           0 
  499           0 
  500           0 
  501           0 
  502           0 
  503           0 
  504           0 
  505           0 
  506           0 
  507           0 
  508           0 
  509           0 
  510           0 
  511           0 
  512           0 
