    1          55 
    2          53 
    3          59 
    4          43 
    5          69 
    6          69 
    7          53 
    8          42 
    9          45 
   10          36 
   11          40 
   12          37 
   13          40 
   14          57 
   15          55 
   16          39 
   17          51 
   18          38 
   19          38 
   20          37 
   21          42 
   22          34 
   23          32 
   24          28 
   25          26 
   26          38 
   27          35 
   28          42 
   29          31 
   30          33 
   31          27 
   32          29 
   33          34 
   34          32 
   35          38 
   36          30 
   37          30 
   38          26 
   39          29 
   40          28 
   41          27 
   42          34 
   43          29 
   44          28 
   45          26 
   46          34 
   47          26 
   48          30 
   49          21 
   50          26 
   51          24 
   52          21 
   53          29 
   54          25 
   55          27 
   56          24 
   57          27 
   58          23 
   59          16 
   60          17 
   61          18 
   62          16 
   63          14 
   64          21 
   65          28 
   66          27 
   67          14 
   68          21 
   69          28 
   70          24 
   71          25 
   72          12 
   73          20 
   74          21 
   75          16 
   76          17 
   77          15 
   78          18 
   79          17 
   80          12 
   81          20 
   82          16 
   83          21 
   84          16 
   85          14 
   86          10 
   87          23 
   88           4 
   89          14 
   90          18 
   91          21 
   92           8 
   93          14 
   94          13 
   95          15 
   96          23 
   97          12 
   98           9 
   99          12 
  100          24 
  101          15 
  102          10 
  103          14 
  104           7 
  105          16 
  106          12 
  107          18 
  108          14 
  109           6 
  110          18 
  111          16 
  112          10 
  113          11 
  114           5 
  115          11 
  116           8 
  117          13 
  118           9 
  119          10 
  120           8 
  121           5 
  122          11 
  123          11 
  124           8 
  125          10 
  126           9 
  127           4 
  128           9 
  129           7 
  130          11 
  131           7 
  132          10 
  133           9 
  134           9 
  135           6 
  136           7 
  137          11 
  138          10 
  139           8 
  140           7 
  141          14 
  142           5 
  143           9 
  144           5 
  145           7 
  146          11 
  147           5 
  148           8 
  149           6 
  150           7 
  151           6 
  152           9 
  153           8 
  154           8 
  155           1 
  156           6 
  157           9 
  158           7 
  159           4 
  160           9 
  161           5 
  162           5 
  163           6 
  164           9 
  165           3 
  166           8 
  167           3 
  168           5 
  169           3 
  170           4 
  171           1 
  172           4 
  173           9 
  174           5 
  175           6 
  176           5 
  177           7 
  178           7 
  179           3 
  180           3 
  181           5 
  182           6 
  183           5 
  184           3 
  185           7 
  186           6 
  187           3 
  188           7 
  189           5 
  190           5 
  191           6 
  192           5 
  193           7 
  194           6 
  195           8 
  196           3 
  197           3 
  198           3 
  199           6 
  200           4 
  201           5 
  202           3 
  203           4 
  204           4 
  205           8 
  206           7 
  207           3 
  208           1 
  209           5 
  210           3 
  211           7 
  212           3 
  213           2 
  214           4 
  215          11 
  216           6 
  217           5 
  218           2 
  219           3 
  220           8 
  221           4 
  222           3 
  223           5 
  224           2 
  225           5 
  226           2 
  227           4 
  228           5 
  229           1 
  230           3 
  231           5 
  232           4 
  233           5 
  234           4 
  235           6 
  236           4 
  237           3 
  238           2 
  239           6 
  240           4 
  241           3 
  242           4 
  243           2 
  244           5 
  245           2 
  246           4 
  247           3 
  248           3 
  249           1 
  250           3 
  251           4 
  252           4 
  253           2 
  254           1 
  255           1 
  256           4 
  257           3 
  258           2 
  259           3 
  260           1 
  261           3 
  262           2 
  263           1 
  264           2 
  265           6 
  266           0 
  267           2 
  268           2 
  269           4 
  270           4 
  271           7 
  272           2 
  273           4 
  274           0 
  275           1 
  276           2 
  277           6 
  278           6 
  279           4 
  280           7 
  281           0 
  282           3 
  283           4 
  284           0 
  285           0 
  286           2 
  287           3 
  288           1 
  289           1 
  290           3 
  291           4 
  292           2 
  293           3 
  294           1 
  295           4 
  296           1 
  297           4 
  298           1 
  299           1 
  300           2 
  301           3 
  302           2 
  303           2 
  304           3 
  305           4 
  306           1 
  307           7 
  308           3 
  309           2 
  310           3 
  311           5 
  312           3 
  313           1 
  314           1 
  315           3 
  316           3 
  317           2 
  318           4 
  319           3 
  320           4 
  321           1 
  322           2 
  323           2 
  324           2 
  325           1 
  326           3 
  327           1 
  328           1 
  329           2 
  330           3 
  331           4 
  332           2 
  333           1 
  334           3 
  335           0 
  336           2 
  337           4 
  338           1 
  339           3 
  340           2 
  341           0 
  342           2 
  343           1 
  344           3 
  345           2 
  346           3 
  347           2 
  348           4 
  349           3 
  350           5 
  351           1 
  352           5 
  353           2 
  354           3 
  355           2 
  356           3 
  357           2 
  358           3 
  359           1 
  360           3 
  361           2 
  362           1 
  363           1 
  364           2 
  365           2 
  366           2 
  367           2 
  368           6 
  369           6 
  370           0 
  371           3 
  372           1 
  373           1 
  374           2 
  375           4 
  376           1 
  377           3 
  378           1 
  379           3 
  380           1 
  381           0 
  382           1 
  383           3 
  384           2 
  385           2 
  386           3 
  387           2 
  388           1 
  389           0 
  390           3 
  391           2 
  392           1 
  393           3 
  394           2 
  395           0 
  396           2 
  397           0 
  398           2 
  399           3 
  400           0 
  401           3 
  402           0 
  403           2 
  404           2 
  405           0 
  406           4 
  407           2 
  408           2 
  409           3 
  410           2 
  411           0 
  412           4 
  413           2 
  414           3 
  415           5 
  416           3 
  417           3 
  418           5 
  419           3 
  420           0 
  421           1 
  422           3 
  423           1 
  424           4 
  425           1 
  426           2 
  427           0 
  428           1 
  429           2 
  430           2 
  431           1 
  432           2 
  433           4 
  434           1 
  435           2 
  436           2 
  437           0 
  438           0 
  439           1 
  440           2 
  441           3 
  442           0 
  443           1 
  444           3 
  445           3 
  446           2 
  447           2 
  448           1 
  449           0 
  450           1 
  451           2 
  452           2 
  453           1 
  454           2 
  455           3 
  456           1 
  457           2 
  458           2 
  459           2 
  460           1 
  461           1 
  462           5 
  463           5 
  464           2 
  465           2 
  466           1 
  467           1 
  468           1 
  469           2 
  470           4 
  471           0 
  472           2 
  473           2 
  474           3 
  475           5 
  476           1 
  477           3 
  478           0 
  479           1 
  480           2 
  481           4 
  482           1 
  483           0 
  484           0 
  485           0 
  486           0 
  487           0 
  488           0 
  489           0 
  490           0 
  491           0 
  492           0 
  493           0 
  494           0 
  495           0 
  496           0 
  497           0 
  498           0 
  499           0 
  500           0 
  501           0 
  502           0 
  503           0 
  504           0 
  505           0 
  506           0 
  507           0 
  508           0 
  509           0 
  510           0 
  511           0 
  512           0 
