    1           0 
    2           0 
    3          13 
    4          82 
    5          85 
    6          71 
    7          64 
    8          68 
    9          76 
   10          50 
   11          53 
   12          46 
   13          48 
   14          44 
   15          35 
   16          42 
   17          27 
   18          45 
   19          32 
   20          33 
   21          40 
   22          32 
   23          25 
   24          38 
   25          31 
   26          33 
   27          28 
   28          30 
   29          30 
   30          29 
   31          32 
   32          34 
   33          27 
   34          39 
   35          28 
   36          27 
   37          36 
   38          45 
   39          26 
   40          28 
   41          30 
   42          28 
   43          17 
   44          31 
   45          26 
   46          19 
   47          22 
   48          23 
   49          19 
   50          19 
   51          20 
   52          17 
   53          22 
   54          24 
   55          22 
   56          29 
   57          22 
   58          33 
   59          19 
   60          16 
   61          23 
   62          20 
   63          18 
   64          17 
   65          28 
   66          20 
   67          24 
   68          12 
   69          21 
   70          21 
   71          15 
   72          20 
   73          17 
   74          14 
   75          13 
   76          14 
   77          20 
   78          17 
   79          13 
   80          25 
   81          18 
   82          23 
   83          16 
   84          18 
   85          20 
   86          11 
   87          11 
   88          14 
   89          18 
   90          11 
   91          14 
   92          13 
   93          13 
   94          15 
   95          14 
   96          12 
   97          10 
   98           9 
   99          12 
  100          15 
  101          19 
  102           7 
  103          10 
  104          17 
  105           7 
  106          22 
  107          11 
  108          19 
  109          15 
  110           9 
  111           5 
  112          15 
  113          10 
  114          12 
  115          12 
  116           9 
  117          11 
  118           9 
  119          11 
  120           9 
  121           8 
  122          16 
  123           3 
  124          13 
  125           7 
  126           4 
  127          16 
  128          14 
  129          12 
  130           5 
  131           9 
  132          12 
  133          11 
  134           3 
  135          10 
  136           5 
  137           6 
  138           8 
  139           4 
  140           8 
  141           5 
  142           9 
  143           6 
  144           7 
  145           9 
  146           6 
  147           5 
  148           8 
  149          12 
  150          10 
  151           9 
  152          10 
  153          10 
  154           5 
  155          11 
  156           3 
  157           4 
  158          14 
  159          11 
  160           7 
  161           3 
  162          10 
  163           7 
  164           8 
  165          12 
  166           2 
  167           7 
  168           9 
  169          11 
  170           9 
  171           6 
  172           7 
  173           6 
  174           5 
  175           7 
  176           7 
  177           2 
  178           8 
  179           5 
  180           5 
  181           8 
  182           7 
  183           8 
  184           4 
  185           8 
  186          12 
  187           5 
  188           5 
  189          10 
  190           5 
  191           8 
  192           5 
  193           5 
  194           3 
  195           1 
  196           2 
  197           5 
  198           5 
  199           7 
  200           5 
  201           4 
  202           2 
  203           6 
  204          11 
  205           4 
  206           8 
  207           7 
  208           2 
  209           3 
  210          13 
  211          10 
  212           5 
  213           4 
  214           5 
  215           2 
  216           8 
  217           7 
  218           6 
  219           4 
  220           5 
  221           2 
  222           3 
  223           2 
  224           1 
  225           5 
  226           7 
  227           2 
  228           3 
  229           7 
  230           8 
  231           6 
  232           5 
  233           5 
  234           4 
  235           9 
  236           6 
  237           6 
  238           6 
  239           5 
  240           6 
  241           4 
  242           8 
  243           5 
  244           6 
  245           6 
  246           6 
  247           4 
  248           3 
  249           5 
  250           5 
  251           5 
  252           5 
  253           4 
  254           4 
  255           3 
  256           5 
  257           2 
  258           3 
  259           1 
  260           4 
  261           3 
  262           1 
  263           5 
  264           4 
  265           4 
  266           3 
  267           6 
  268           5 
  269           3 
  270           3 
  271           3 
  272           6 
  273           3 
  274           4 
  275           5 
  276           8 
  277           8 
  278           5 
  279           4 
  280           3 
  281           5 
  282           3 
  283           3 
  284           2 
  285           2 
  286           5 
  287           1 
  288           5 
  289           5 
  290           4 
  291           0 
  292           3 
  293           5 
  294          10 
  295           1 
  296           2 
  297           8 
  298           4 
  299           5 
  300          11 
  301           8 
  302           0 
  303           4 
  304           2 
  305           2 
  306           4 
  307           8 
  308           1 
  309           2 
  310           3 
  311           0 
  312           3 
  313           3 
  314           5 
  315           3 
  316           1 
  317           4 
  318           4 
  319           5 
  320           5 
  321           1 
  322           2 
  323           2 
  324           3 
  325           5 
  326           3 
  327           2 
  328           5 
  329           5 
  330           6 
  331           1 
  332           4 
  333           4 
  334           3 
  335           3 
  336           4 
  337           4 
  338           3 
  339           5 
  340           8 
  341           4 
  342           2 
  343           1 
  344           8 
  345           6 
  346           3 
  347           1 
  348           5 
  349           2 
  350           6 
  351          10 
  352           3 
  353           3 
  354           3 
  355           3 
  356           6 
  357           6 
  358           3 
  359           1 
  360           6 
  361           4 
  362           3 
  363           4 
  364           6 
  365           0 
  366           5 
  367           1 
  368           4 
  369           6 
  370           7 
  371           2 
  372           4 
  373           3 
  374           5 
  375           7 
  376           4 
  377           5 
  378           2 
  379           1 
  380           4 
  381           3 
  382           0 
  383           3 
  384           3 
  385           4 
  386           5 
  387           3 
  388           0 
  389           2 
  390           4 
  391           2 
  392           3 
  393           5 
  394           3 
  395           4 
  396           3 
  397           6 
  398           3 
  399           4 
  400           3 
  401           1 
  402           3 
  403           4 
  404           3 
  405           4 
  406           2 
  407           4 
  408           3 
  409           4 
  410           4 
  411           0 
  412           2 
  413           0 
  414           2 
  415           4 
  416           1 
  417           3 
  418           4 
  419           4 
  420           7 
  421           5 
  422           1 
  423           3 
  424           3 
  425           6 
  426           6 
  427           2 
  428           7 
  429           4 
  430           2 
  431           3 
  432           6 
  433           3 
  434           3 
  435           7 
  436           7 
  437           1 
  438           2 
  439           6 
  440           3 
  441          11 
  442           2 
  443           2 
  444           2 
  445           3 
  446           4 
  447           1 
  448           5 
  449           4 
  450           7 
  451           3 
  452           5 
  453           6 
  454           0 
  455           4 
  456           4 
  457           4 
  458           4 
  459           2 
  460           4 
  461           2 
  462           1 
  463           2 
  464           6 
  465           4 
  466           4 
  467           8 
  468           1 
  469           4 
  470           3 
  471           5 
  472           3 
  473           4 
  474           4 
  475           1 
  476           5 
  477           5 
  478           8 
  479           3 
  480           6 
  481           4 
  482           4 
  483           5 
  484           3 
  485           5 
  486           3 
  487           3 
  488           7 
  489           4 
  490           3 
  491           6 
  492           2 
  493           4 
  494           3 
  495           5 
  496           2 
  497           4 
  498           7 
  499           1 
  500           6 
  501           3 
  502           0 
  503           0 
  504           0 
  505           0 
  506           0 
  507           0 
  508           0 
  509           0 
  510           0 
  511           0 
  512           0 
