    1           0 
    2           0 
    3           0 
    4           0 
    5           0 
    6           1 
    7           0 
    8           4 
    9          10 
   10          19 
   11          22 
   12          25 
   13          16 
   14          19 
   15          16 
   16           8 
   17          17 
   18          13 
   19          20 
   20          13 
   21          17 
   22           8 
   23           9 
   24          15 
   25           9 
   26           6 
   27           9 
   28           9 
   29           4 
   30          12 
   31          14 
   32          10 
   33           9 
   34           8 
   35           9 
   36           7 
   37           8 
   38           2 
   39           6 
   40           9 
   41          10 
   42           7 
   43           7 
   44           7 
   45           3 
   46           3 
   47           5 
   48           6 
   49           3 
   50           3 
   51           5 
   52           6 
   53           4 
   54           5 
   55           5 
   56           4 
   57           4 
   58           4 
   59           4 
   60           6 
   61           6 
   62           5 
   63           8 
   64           2 
   65           5 
   66           4 
   67           4 
   68           4 
   69           4 
   70           2 
   71           9 
   72           4 
   73           5 
   74           2 
   75           2 
   76           3 
   77           7 
   78           3 
   79           2 
   80           2 
   81           0 
   82           3 
   83           4 
   84           1 
   85           1 
   86           2 
   87           4 
   88           6 
   89           2 
   90           2 
   91           0 
   92           3 
   93           1 
   94           4 
   95           3 
   96           3 
   97           2 
   98           2 
   99           3 
  100           1 
  101           3 
  102           5 
  103           2 
  104           4 
  105           2 
  106           0 
  107           3 
  108           3 
  109           4 
  110           2 
  111           4 
  112           3 
  113           2 
  114           1 
  115           3 
  116           1 
  117           3 
  118           2 
  119           1 
  120           2 
  121           4 
  122           3 
  123           0 
  124           2 
  125           2 
  126           2 
  127           2 
  128           0 
  129           2 
  130           2 
  131           3 
  132           0 
  133           3 
  134           4 
  135           3 
  136           3 
  137           3 
  138           5 
  139           2 
  140           1 
  141           3 
  142           4 
  143           2 
  144           2 
  145           1 
  146           1 
  147           0 
  148           1 
  149           4 
  150           1 
  151           2 
  152           3 
  153           1 
  154           3 
  155           2 
  156           1 
  157           2 
  158           3 
  159           1 
  160           1 
  161           0 
  162           1 
  163           3 
  164           1 
  165           2 
  166           2 
  167           3 
  168           2 
  169           1 
  170           4 
  171           2 
  172           1 
  173           3 
  174           1 
  175           3 
  176           2 
  177           0 
  178           1 
  179           2 
  180           0 
  181           1 
  182           3 
  183           1 
  184           1 
  185           0 
  186           4 
  187           1 
  188           0 
  189           0 
  190           1 
  191           2 
  192           1 
  193           2 
  194           1 
  195           0 
  196           2 
  197           2 
  198           0 
  199           0 
  200           0 
  201           1 
  202           0 
  203           1 
  204           0 
  205           2 
  206           0 
  207           2 
  208           1 
  209           1 
  210           1 
  211           0 
  212           0 
  213           2 
  214           3 
  215           3 
  216           0 
  217           2 
  218           2 
  219           0 
  220           4 
  221           2 
  222           3 
  223           0 
  224           4 
  225           2 
  226           1 
  227           3 
  228           0 
  229           2 
  230           1 
  231           0 
  232           0 
  233           1 
  234           0 
  235           1 
  236           2 
  237           2 
  238           0 
  239           0 
  240           2 
  241           0 
  242           0 
  243           1 
  244           1 
  245           3 
  246           4 
  247           0 
  248           1 
  249           2 
  250           1 
  251           1 
  252           0 
  253           1 
  254           3 
  255           0 
  256           0 
  257           2 
  258           1 
  259           0 
  260           1 
  261           1 
  262           2 
  263           0 
  264           1 
  265           0 
  266           1 
  267           0 
  268           1 
  269           2 
  270           1 
  271           0 
  272           0 
  273           0 
  274           1 
  275           1 
  276           0 
  277           1 
  278           1 
  279           0 
  280           1 
  281           0 
  282           0 
  283           0 
  284           1 
  285           0 
  286           0 
  287           1 
  288           2 
  289           0 
  290           1 
  291           2 
  292           0 
  293           2 
  294           0 
  295           1 
  296           1 
  297           1 
  298           0 
  299           0 
  300           3 
  301           1 
  302           0 
  303           0 
  304           0 
  305           0 
  306           0 
  307           1 
  308           1 
  309           3 
  310           1 
  311           1 
  312           3 
  313           0 
  314           1 
  315           1 
  316           4 
  317           1 
  318           1 
  319           1 
  320           0 
  321           1 
  322           2 
  323           1 
  324           0 
  325           0 
  326           1 
  327           1 
  328           2 
  329           1 
  330           0 
  331           1 
  332           0 
  333           0 
  334           2 
  335           1 
  336           1 
  337           2 
  338           0 
  339           0 
  340           0 
  341           1 
  342           0 
  343           0 
  344           0 
  345           1 
  346           0 
  347           1 
  348           0 
  349           0 
  350           1 
  351           1 
  352           2 
  353           1 
  354           0 
  355           2 
  356           0 
  357           1 
  358           1 
  359           1 
  360           0 
  361           0 
  362           1 
  363           1 
  364           1 
  365           0 
  366           2 
  367           4 
  368           1 
  369           0 
  370           0 
  371           0 
  372           2 
  373           0 
  374           1 
  375           0 
  376           0 
  377           0 
  378           2 
  379           1 
  380           2 
  381           1 
  382           0 
  383           1 
  384           1 
  385           0 
  386           0 
  387           2 
  388           1 
  389           1 
  390           1 
  391           0 
  392           1 
  393           0 
  394           1 
  395           2 
  396           3 
  397           2 
  398           0 
  399           1 
  400           1 
  401           1 
  402           1 
  403           1 
  404           0 
  405           0 
  406           0 
  407           0 
  408           0 
  409           2 
  410           0 
  411           1 
  412           0 
  413           1 
  414           1 
  415           2 
  416           0 
  417           1 
  418           1 
  419           2 
  420           1 
  421           0 
  422           1 
  423           1 
  424           0 
  425           0 
  426           2 
  427           3 
  428           1 
  429           2 
  430           0 
  431           0 
  432           0 
  433           0 
  434           0 
  435           4 
  436           1 
  437           0 
  438           1 
  439           0 
  440           3 
  441           2 
  442           0 
  443           1 
  444           0 
  445           0 
  446           0 
  447           1 
  448           0 
  449           1 
  450           0 
  451           1 
  452           1 
  453           0 
  454           0 
  455           1 
  456           1 
  457           3 
  458           1 
  459           1 
  460           1 
  461           1 
  462           2 
  463           0 
  464           2 
  465           1 
  466           1 
  467           0 
  468           1 
  469           0 
  470           0 
  471           0 
  472           1 
  473           1 
  474           2 
  475           0 
  476           2 
  477           1 
  478           4 
  479           0 
  480           0 
  481           0 
  482           0 
  483           0 
  484           0 
  485           0 
  486           0 
  487           0 
  488           0 
  489           0 
  490           0 
  491           0 
  492           0 
  493           0 
  494           0 
  495           0 
  496           0 
  497           0 
  498           0 
  499           0 
  500           0 
  501           0 
  502           0 
  503           0 
  504           0 
  505           0 
  506           0 
  507           0 
  508           0 
  509           0 
  510           0 
  511           0 
  512           0 
