    1          56 
    2          70 
    3          62 
    4          70 
    5          73 
    6          64 
    7          52 
    8          41 
    9          39 
   10          41 
   11          48 
   12          38 
   13          49 
   14          50 
   15          41 
   16          45 
   17          41 
   18          26 
   19          38 
   20          36 
   21          30 
   22          30 
   23          46 
   24          32 
   25          40 
   26          36 
   27          29 
   28          39 
   29          34 
   30          32 
   31          37 
   32          33 
   33          24 
   34          44 
   35          33 
   36          33 
   37          25 
   38          32 
   39          37 
   40          32 
   41          31 
   42          25 
   43          28 
   44          26 
   45          24 
   46          35 
   47          24 
   48          25 
   49          24 
   50          21 
   51          26 
   52          23 
   53          15 
   54          23 
   55          28 
   56          18 
   57          26 
   58          22 
   59          16 
   60          15 
   61          30 
   62          23 
   63          27 
   64          19 
   65          19 
   66          26 
   67          22 
   68          19 
   69          20 
   70          27 
   71          26 
   72          16 
   73          10 
   74          14 
   75          13 
   76          24 
   77          18 
   78          14 
   79          18 
   80          20 
   81          16 
   82          19 
   83          16 
   84          22 
   85          22 
   86          18 
   87          18 
   88          10 
   89          18 
   90          19 
   91          16 
   92          11 
   93          16 
   94          12 
   95          11 
   96          13 
   97          12 
   98          18 
   99          13 
  100          10 
  101           7 
  102           9 
  103           9 
  104          17 
  105          17 
  106          17 
  107          14 
  108          10 
  109          21 
  110          10 
  111          11 
  112           7 
  113          11 
  114           8 
  115          10 
  116          15 
  117           6 
  118           7 
  119           6 
  120          11 
  121          12 
  122          19 
  123           7 
  124           8 
  125           9 
  126          11 
  127          12 
  128           9 
  129           6 
  130          11 
  131           9 
  132          11 
  133           9 
  134           7 
  135          11 
  136           7 
  137           8 
  138           6 
  139           4 
  140           7 
  141          14 
  142           5 
  143           5 
  144          10 
  145           7 
  146          10 
  147           6 
  148          13 
  149           7 
  150           8 
  151           6 
  152           7 
  153          10 
  154           6 
  155           6 
  156           9 
  157           4 
  158           8 
  159          10 
  160           8 
  161           7 
  162           5 
  163           6 
  164           6 
  165           6 
  166           7 
  167           8 
  168           1 
  169           4 
  170          13 
  171           3 
  172           7 
  173           4 
  174           6 
  175          15 
  176           3 
  177           3 
  178           4 
  179           3 
  180           7 
  181           2 
  182           8 
  183           5 
  184           8 
  185           3 
  186           4 
  187           6 
  188           5 
  189           5 
  190           7 
  191           6 
  192           6 
  193           4 
  194           1 
  195           5 
  196           3 
  197           2 
  198           4 
  199           3 
  200           6 
  201           2 
  202           4 
  203           4 
  204           5 
  205           5 
  206           2 
  207           3 
  208           7 
  209           1 
  210           4 
  211           3 
  212           3 
  213           3 
  214           9 
  215           2 
  216           3 
  217           4 
  218           4 
  219           4 
  220           1 
  221           5 
  222           3 
  223           8 
  224           5 
  225           3 
  226           3 
  227           2 
  228           6 
  229           1 
  230           4 
  231           9 
  232           3 
  233           4 
  234           1 
  235           6 
  236           9 
  237           2 
  238           3 
  239           1 
  240           3 
  241           3 
  242           5 
  243           0 
  244           4 
  245           3 
  246           3 
  247           7 
  248           1 
  249           1 
  250           2 
  251           3 
  252           4 
  253           1 
  254           2 
  255           2 
  256           0 
  257           1 
  258           4 
  259           1 
  260           3 
  261           4 
  262           1 
  263           4 
  264           1 
  265           2 
  266           1 
  267           0 
  268           0 
  269           7 
  270           5 
  271           4 
  272           3 
  273           1 
  274           5 
  275           3 
  276           1 
  277           2 
  278           4 
  279           5 
  280           5 
  281           1 
  282           5 
  283           1 
  284           1 
  285           0 
  286           0 
  287           1 
  288           3 
  289           2 
  290           1 
  291           0 
  292           1 
  293           1 
  294           2 
  295           1 
  296           2 
  297           1 
  298           0 
  299           2 
  300           1 
  301           4 
  302           0 
  303           1 
  304           2 
  305           2 
  306           2 
  307           3 
  308           2 
  309           1 
  310           2 
  311           3 
  312           2 
  313           1 
  314           1 
  315           3 
  316           2 
  317           4 
  318           2 
  319           3 
  320           5 
  321           1 
  322           1 
  323           1 
  324           2 
  325           2 
  326           3 
  327           3 
  328           4 
  329           1 
  330           2 
  331           4 
  332           3 
  333           0 
  334           1 
  335           2 
  336           3 
  337           2 
  338           7 
  339           3 
  340           3 
  341           3 
  342           3 
  343           4 
  344           4 
  345           4 
  346           3 
  347           1 
  348           3 
  349           3 
  350           1 
  351           1 
  352           0 
  353           0 
  354           1 
  355           3 
  356           3 
  357           2 
  358           1 
  359           2 
  360           3 
  361           4 
  362           3 
  363           1 
  364           3 
  365           0 
  366           2 
  367           3 
  368           1 
  369           3 
  370           1 
  371           3 
  372           2 
  373           0 
  374           0 
  375           0 
  376           2 
  377           2 
  378           1 
  379           3 
  380           1 
  381           2 
  382           1 
  383           2 
  384           3 
  385           1 
  386           1 
  387           2 
  388           1 
  389           2 
  390           1 
  391           3 
  392           1 
  393           2 
  394           2 
  395           0 
  396           0 
  397           0 
  398           2 
  399           3 
  400           1 
  401           1 
  402           1 
  403           3 
  404           3 
  405           0 
  406           1 
  407           2 
  408           1 
  409           1 
  410           0 
  411           1 
  412           0 
  413           2 
  414           5 
  415           1 
  416           0 
  417           0 
  418           3 
  419           3 
  420           1 
  421           0 
  422           2 
  423           3 
  424           1 
  425           1 
  426           2 
  427           3 
  428           2 
  429           3 
  430           1 
  431           0 
  432           2 
  433           2 
  434           2 
  435           1 
  436           2 
  437           2 
  438           4 
  439           0 
  440           6 
  441           2 
  442           0 
  443           5 
  444           1 
  445           1 
  446           1 
  447           0 
  448           0 
  449           0 
  450           0 
  451           2 
  452           1 
  453           1 
  454           1 
  455           2 
  456           3 
  457           0 
  458           3 
  459           1 
  460           1 
  461           0 
  462           2 
  463           1 
  464           1 
  465           0 
  466           2 
  467           3 
  468           2 
  469           3 
  470           1 
  471           0 
  472           5 
  473           1 
  474           2 
  475           2 
  476           2 
  477           4 
  478           1 
  479           1 
  480           1 
  481           2 
  482           3 
  483           0 
  484           0 
  485           0 
  486           0 
  487           0 
  488           0 
  489           0 
  490           0 
  491           0 
  492           0 
  493           0 
  494           0 
  495           0 
  496           0 
  497           0 
  498           0 
  499           0 
  500           0 
  501           0 
  502           0 
  503           0 
  504           0 
  505           0 
  506           0 
  507           0 
  508           0 
  509           0 
  510           0 
  511           0 
  512           0 
