    1           0 
    2           0 
    3           0 
    4           0 
    5           1 
    6           1 
    7           5 
    8           8 
    9          18 
   10          32 
   11          24 
   12          16 
   13          22 
   14          20 
   15          17 
   16          19 
   17          19 
   18          19 
   19          19 
   20          22 
   21          10 
   22          14 
   23          12 
   24          14 
   25          14 
   26           8 
   27          10 
   28           8 
   29          10 
   30          15 
   31          10 
   32           7 
   33           9 
   34           8 
   35          16 
   36           8 
   37           8 
   38           5 
   39          12 
   40           5 
   41          10 
   42          17 
   43          13 
   44           5 
   45           5 
   46           5 
   47           6 
   48           9 
   49           7 
   50           7 
   51           7 
   52          10 
   53           8 
   54           6 
   55           7 
   56           6 
   57           5 
   58           7 
   59           9 
   60          10 
   61           4 
   62           8 
   63           5 
   64           1 
   65           4 
   66           5 
   67          12 
   68           6 
   69           7 
   70           7 
   71          11 
   72           3 
   73           4 
   74           4 
   75           5 
   76           4 
   77           5 
   78           4 
   79           4 
   80           7 
   81           1 
   82           3 
   83           2 
   84           5 
   85           5 
   86           3 
   87           4 
   88           6 
   89           2 
   90           4 
   91           9 
   92           4 
   93           3 
   94           4 
   95           3 
   96           5 
   97           2 
   98           1 
   99           2 
  100           6 
  101           5 
  102           3 
  103           4 
  104           1 
  105           4 
  106           5 
  107           4 
  108           3 
  109           4 
  110           2 
  111           8 
  112           2 
  113           0 
  114           2 
  115           5 
  116           4 
  117           5 
  118           0 
  119           7 
  120           0 
  121           3 
  122           0 
  123           3 
  124           2 
  125           3 
  126           3 
  127           5 
  128           2 
  129           1 
  130           3 
  131           2 
  132           1 
  133           3 
  134           2 
  135           2 
  136           3 
  137           2 
  138           1 
  139           0 
  140           0 
  141           1 
  142           0 
  143           6 
  144           2 
  145           4 
  146           2 
  147           2 
  148           2 
  149           1 
  150           0 
  151           3 
  152           4 
  153           1 
  154           3 
  155           1 
  156           4 
  157           0 
  158           1 
  159           3 
  160           0 
  161           2 
  162           1 
  163           2 
  164           3 
  165           2 
  166           2 
  167           2 
  168           5 
  169           0 
  170           0 
  171           1 
  172           2 
  173           4 
  174           2 
  175           2 
  176           0 
  177           3 
  178           2 
  179           1 
  180           1 
  181           0 
  182           0 
  183           1 
  184           4 
  185           0 
  186           4 
  187           1 
  188           0 
  189           1 
  190           3 
  191           1 
  192           4 
  193           1 
  194           2 
  195           2 
  196           0 
  197           1 
  198           3 
  199           3 
  200           2 
  201           0 
  202           3 
  203           0 
  204           3 
  205           3 
  206           0 
  207           2 
  208           0 
  209           1 
  210           2 
  211           2 
  212           1 
  213           1 
  214           3 
  215           4 
  216           0 
  217           0 
  218           3 
  219           2 
  220           0 
  221           1 
  222           5 
  223           3 
  224           2 
  225           1 
  226           1 
  227           1 
  228           1 
  229           0 
  230           1 
  231           0 
  232           1 
  233           2 
  234           1 
  235           0 
  236           4 
  237           2 
  238           2 
  239           2 
  240           1 
  241           1 
  242           2 
  243           1 
  244           0 
  245           0 
  246           3 
  247           1 
  248           3 
  249           1 
  250           3 
  251           1 
  252           1 
  253           3 
  254           1 
  255           0 
  256           3 
  257           1 
  258           0 
  259           1 
  260           0 
  261           2 
  262           1 
  263           1 
  264           1 
  265           2 
  266           1 
  267           3 
  268           1 
  269           0 
  270           1 
  271           0 
  272           2 
  273           2 
  274           0 
  275           0 
  276           2 
  277           1 
  278           2 
  279           1 
  280           0 
  281           0 
  282           2 
  283           0 
  284           2 
  285           1 
  286           2 
  287           1 
  288           1 
  289           1 
  290           1 
  291           1 
  292           0 
  293           2 
  294           0 
  295           2 
  296           1 
  297           0 
  298           0 
  299           0 
  300           2 
  301           1 
  302           2 
  303           0 
  304           0 
  305           0 
  306           1 
  307           2 
  308           0 
  309           3 
  310           2 
  311           1 
  312           4 
  313           0 
  314           1 
  315           1 
  316           1 
  317           0 
  318           1 
  319           3 
  320           4 
  321           1 
  322           0 
  323           1 
  324           1 
  325           0 
  326           2 
  327           0 
  328           1 
  329           1 
  330           1 
  331           2 
  332           0 
  333           3 
  334           2 
  335           0 
  336           1 
  337           1 
  338           1 
  339           1 
  340           1 
  341           0 
  342           0 
  343           2 
  344           0 
  345           0 
  346           2 
  347           1 
  348           0 
  349           1 
  350           1 
  351           2 
  352           0 
  353           1 
  354           2 
  355           2 
  356           0 
  357           2 
  358           1 
  359           1 
  360           2 
  361           2 
  362           1 
  363           0 
  364           2 
  365           0 
  366           1 
  367           1 
  368           2 
  369           4 
  370           3 
  371           1 
  372           1 
  373           1 
  374           0 
  375           0 
  376           2 
  377           2 
  378           2 
  379           1 
  380           1 
  381           2 
  382           2 
  383           2 
  384           2 
  385           1 
  386           3 
  387           1 
  388           0 
  389           2 
  390           0 
  391           1 
  392           0 
  393           0 
  394           1 
  395           0 
  396           1 
  397           1 
  398           1 
  399           2 
  400           1 
  401           1 
  402           0 
  403           1 
  404           0 
  405           0 
  406           1 
  407           2 
  408           2 
  409           0 
  410           1 
  411           0 
  412           3 
  413           1 
  414           2 
  415           0 
  416           2 
  417           1 
  418           0 
  419           0 
  420           1 
  421           2 
  422           1 
  423           0 
  424           1 
  425           2 
  426           0 
  427           2 
  428           1 
  429           1 
  430           0 
  431           1 
  432           0 
  433           1 
  434           1 
  435           1 
  436           1 
  437           0 
  438           0 
  439           1 
  440           0 
  441           0 
  442           1 
  443           2 
  444           1 
  445           1 
  446           0 
  447           2 
  448           2 
  449           1 
  450           2 
  451           2 
  452           1 
  453           1 
  454           1 
  455           1 
  456           0 
  457           2 
  458           1 
  459           1 
  460           2 
  461           1 
  462           2 
  463           0 
  464           3 
  465           0 
  466           2 
  467           1 
  468           3 
  469           1 
  470           0 
  471           1 
  472           0 
  473           2 
  474           1 
  475           1 
  476           2 
  477           0 
  478           1 
  479           0 
  480           2 
  481           0 
  482           0 
  483           0 
  484           0 
  485           0 
  486           0 
  487           0 
  488           0 
  489           0 
  490           0 
  491           0 
  492           0 
  493           0 
  494           0 
  495           0 
  496           0 
  497           0 
  498           0 
  499           0 
  500           0 
  501           0 
  502           0 
  503           0 
  504           0 
  505           0 
  506           0 
  507           0 
  508           0 
  509           0 
  510           0 
  511           0 
  512           0 
