    1         131 
    2         323 
    3         285 
    4         260 
    5         365 
    6         448 
    7         405 
    8         303 
    9         240 
   10         239 
   11         257 
   12         266 
   13         276 
   14         298 
   15         233 
   16         181 
   17         233 
   18         181 
   19         193 
   20         202 
   21         221 
   22         198 
   23         203 
   24         217 
   25         156 
   26         201 
   27         195 
   28         208 
   29         184 
   30         172 
   31         164 
   32         155 
   33         168 
   34         173 
   35         182 
   36         171 
   37         156 
   38         164 
   39         163 
   40         163 
   41         162 
   42         166 
   43         156 
   44         161 
   45         140 
   46         135 
   47         137 
   48         121 
   49         128 
   50         128 
   51         125 
   52         111 
   53         125 
   54         149 
   55         122 
   56         124 
   57         123 
   58         124 
   59          92 
   60         130 
   61          95 
   62         115 
   63         111 
   64         103 
   65          97 
   66          81 
   67         101 
   68         109 
   69          92 
   70          98 
   71          96 
   72          87 
   73          99 
   74          94 
   75         111 
   76          91 
   77          89 
   78          77 
   79          94 
   80         106 
   81          87 
   82          91 
   83          93 
   84          87 
   85          86 
   86          81 
   87          65 
   88          93 
   89          81 
   90          83 
   91          69 
   92          75 
   93          88 
   94          80 
   95          80 
   96          75 
   97          81 
   98          79 
   99          68 
  100          66 
  101          57 
  102          87 
  103          67 
  104          67 
  105          66 
  106          62 
  107          64 
  108          74 
  109          62 
  110          56 
  111          71 
  112          64 
  113          63 
  114          71 
  115          67 
  116          57 
  117          62 
  118          56 
  119          64 
  120          68 
  121          52 
  122          64 
  123          42 
  124          53 
  125          59 
  126          53 
  127          48 
  128          38 
  129          59 
  130          45 
  131          52 
  132          52 
  133          37 
  134          49 
  135          49 
  136          63 
  137          67 
  138          46 
  139          47 
  140          58 
  141          41 
  142          47 
  143          32 
  144          46 
  145          54 
  146          47 
  147          35 
  148          30 
  149          39 
  150          34 
  151          33 
  152          44 
  153          39 
  154          41 
  155          41 
  156          45 
  157          35 
  158          35 
  159          33 
  160          37 
  161          37 
  162          35 
  163          37 
  164          35 
  165          44 
  166          49 
  167          32 
  168          43 
  169          24 
  170          40 
  171          32 
  172          31 
  173          22 
  174          37 
  175          36 
  176          37 
  177          43 
  178          30 
  179          24 
  180          32 
  181          43 
  182          36 
  183          32 
  184          29 
  185          25 
  186          38 
  187          23 
  188          27 
  189          40 
  190          28 
  191          29 
  192          25 
  193          32 
  194          26 
  195          24 
  196          34 
  197          22 
  198          29 
  199          30 
  200          35 
  201          30 
  202          35 
  203          25 
  204          21 
  205          26 
  206          29 
  207          37 
  208          24 
  209          17 
  210          20 
  211          27 
  212          31 
  213          20 
  214          30 
  215          29 
  216          27 
  217          42 
  218          18 
  219          27 
  220          23 
  221          25 
  222          25 
  223          23 
  224          31 
  225          27 
  226          29 
  227          25 
  228          26 
  229          29 
  230          23 
  231          18 
  232          26 
  233          20 
  234          25 
  235          18 
  236          21 
  237          25 
  238          19 
  239          32 
  240          27 
  241          28 
  242          22 
  243          21 
  244          22 
  245          15 
  246          23 
  247          20 
  248          14 
  249          17 
  250          17 
  251          27 
  252          26 
  253          13 
  254          32 
  255          18 
  256          27 
  257          15 
  258          18 
  259          21 
  260          15 
  261          23 
  262          25 
  263          21 
  264          15 
  265          19 
  266          19 
  267          24 
  268          16 
  269          15 
  270          19 
  271          20 
  272          18 
  273          22 
  274          26 
  275          23 
  276          17 
  277          21 
  278          21 
  279          15 
  280          17 
  281          16 
  282          11 
  283          22 
  284          12 
  285          12 
  286          22 
  287          23 
  288          20 
  289          22 
  290          20 
  291          24 
  292          18 
  293          12 
  294          21 
  295          16 
  296          12 
  297          10 
  298          21 
  299          24 
  300          15 
  301          16 
  302          24 
  303          18 
  304          22 
  305          18 
  306          18 
  307          21 
  308          17 
  309          14 
  310          18 
  311          12 
  312          22 
  313          18 
  314          16 
  315          21 
  316          10 
  317          14 
  318          17 
  319          20 
  320          21 
  321          17 
  322          16 
  323          19 
  324          14 
  325          21 
  326           8 
  327          18 
  328          15 
  329          23 
  330          15 
  331          17 
  332          17 
  333          14 
  334          14 
  335          20 
  336          19 
  337          16 
  338          12 
  339          16 
  340          17 
  341          19 
  342          26 
  343          21 
  344          20 
  345          12 
  346          18 
  347          15 
  348          15 
  349          15 
  350          19 
  351          22 
  352          16 
  353          14 
  354          25 
  355          19 
  356          15 
  357          18 
  358          12 
  359          14 
  360          16 
  361          21 
  362          12 
  363          19 
  364          19 
  365          12 
  366          22 
  367          14 
  368          10 
  369           8 
  370          15 
  371           9 
  372          13 
  373          17 
  374           9 
  375          15 
  376          17 
  377          20 
  378          20 
  379          14 
  380          16 
  381          15 
  382          16 
  383          13 
  384          21 
  385          21 
  386          20 
  387          14 
  388          24 
  389           8 
  390          19 
  391          19 
  392          21 
  393          21 
  394          18 
  395          16 
  396          16 
  397          15 
  398          24 
  399          18 
  400          17 
  401          13 
  402          19 
  403          14 
  404          15 
  405           7 
  406          20 
  407          10 
  408          14 
  409          13 
  410          10 
  411          10 
  412          16 
  413          20 
  414          13 
  415          19 
  416           7 
  417          13 
  418          15 
  419          18 
  420          20 
  421          15 
  422          17 
  423          18 
  424          15 
  425          18 
  426          16 
  427          20 
  428          11 
  429          11 
  430          13 
  431          15 
  432          14 
  433           9 
  434          15 
  435          17 
  436          19 
  437          14 
  438          10 
  439          13 
  440          22 
  441          13 
  442          18 
  443          19 
  444          12 
  445          18 
  446          13 
  447          23 
  448          14 
  449          20 
  450          17 
  451          15 
  452          15 
  453          15 
  454          17 
  455          16 
  456          26 
  457          23 
  458          11 
  459          26 
  460          12 
  461          14 
  462          18 
  463          24 
  464          20 
  465          16 
  466          16 
  467          17 
  468          21 
  469          15 
  470          13 
  471          13 
  472          12 
  473          11 
  474          13 
  475           9 
  476          12 
  477          24 
  478          22 
  479          23 
  480          16 
  481          18 
  482          17 
  483           0 
  484           0 
  485           0 
  486           0 
  487           0 
  488           0 
  489           0 
  490           0 
  491           0 
  492           0 
  493           0 
  494           0 
  495           0 
  496           0 
  497           0 
  498           0 
  499           0 
  500           0 
  501           0 
  502           0 
  503           0 
  504           0 
  505           0 
  506           0 
  507           0 
  508           0 
  509           0 
  510           0 
  511           0 
  512           0 
