    1           0 
    2           0 
    3          73 
    4         178 
    5         217 
    6         173 
    7         200 
    8         160 
    9         149 
   10         134 
   11         101 
   12         119 
   13         104 
   14          91 
   15          85 
   16          98 
   17          82 
   18          79 
   19          75 
   20          80 
   21          66 
   22          75 
   23          67 
   24          81 
   25          72 
   26          59 
   27          58 
   28          74 
   29          63 
   30          61 
   31          58 
   32          66 
   33          58 
   34          59 
   35          58 
   36          74 
   37          53 
   38          55 
   39          47 
   40          46 
   41          40 
   42          45 
   43          64 
   44          46 
   45          58 
   46          46 
   47          51 
   48          39 
   49          38 
   50          47 
   51          51 
   52          40 
   53          39 
   54          49 
   55          42 
   56          45 
   57          37 
   58          31 
   59          34 
   60          55 
   61          31 
   62          34 
   63          27 
   64          41 
   65          29 
   66          35 
   67          29 
   68          32 
   69          40 
   70          26 
   71          35 
   72          36 
   73          28 
   74          30 
   75          23 
   76          18 
   77          29 
   78          21 
   79          31 
   80          29 
   81          28 
   82          27 
   83          33 
   84          28 
   85          29 
   86          28 
   87          20 
   88          28 
   89          30 
   90          29 
   91          17 
   92          31 
   93          27 
   94          34 
   95          26 
   96          30 
   97          33 
   98          27 
   99          20 
  100          13 
  101          21 
  102          25 
  103          23 
  104          26 
  105          27 
  106          21 
  107          20 
  108          40 
  109          22 
  110          22 
  111          25 
  112          25 
  113          22 
  114          19 
  115          18 
  116          20 
  117          20 
  118          24 
  119          30 
  120          25 
  121          19 
  122          20 
  123          24 
  124          14 
  125          21 
  126          18 
  127          15 
  128          24 
  129          15 
  130          12 
  131          12 
  132          12 
  133          13 
  134          15 
  135          21 
  136          14 
  137          16 
  138           8 
  139          14 
  140          11 
  141          11 
  142          23 
  143          11 
  144           9 
  145          18 
  146          10 
  147          16 
  148          19 
  149          13 
  150          15 
  151          13 
  152          10 
  153          15 
  154          16 
  155          12 
  156          16 
  157          15 
  158          17 
  159           8 
  160          13 
  161          23 
  162          20 
  163          13 
  164          16 
  165          11 
  166           9 
  167          11 
  168           5 
  169          16 
  170          12 
  171          18 
  172          11 
  173          14 
  174           8 
  175          14 
  176          13 
  177           9 
  178          10 
  179          14 
  180          15 
  181           8 
  182          13 
  183           7 
  184          14 
  185          13 
  186           6 
  187          13 
  188          15 
  189           7 
  190           8 
  191           8 
  192           9 
  193          11 
  194           9 
  195           2 
  196          15 
  197           9 
  198           5 
  199           9 
  200           8 
  201           9 
  202          11 
  203          11 
  204          10 
  205          12 
  206          12 
  207           9 
  208           9 
  209          21 
  210           7 
  211           8 
  212           6 
  213           6 
  214          12 
  215          12 
  216           5 
  217          17 
  218           8 
  219           7 
  220           3 
  221           8 
  222           7 
  223          10 
  224          11 
  225           7 
  226          12 
  227          11 
  228          15 
  229          16 
  230           5 
  231          14 
  232           9 
  233           8 
  234          12 
  235          12 
  236          13 
  237          10 
  238           6 
  239          12 
  240           7 
  241          11 
  242           4 
  243          13 
  244          13 
  245          14 
  246           6 
  247           6 
  248           9 
  249          11 
  250           8 
  251           6 
  252           5 
  253           7 
  254           8 
  255           9 
  256           7 
  257           7 
  258           7 
  259           5 
  260           7 
  261           7 
  262           7 
  263           5 
  264           7 
  265           4 
  266           6 
  267           8 
  268           5 
  269           6 
  270           8 
  271           6 
  272           8 
  273          10 
  274           5 
  275           9 
  276           3 
  277           6 
  278           8 
  279           2 
  280           9 
  281           6 
  282          11 
  283          11 
  284          12 
  285          10 
  286           3 
  287           4 
  288           5 
  289           7 
  290           9 
  291           5 
  292           6 
  293          10 
  294           6 
  295           9 
  296          14 
  297          16 
  298           4 
  299           4 
  300           8 
  301           4 
  302           8 
  303           6 
  304           5 
  305           7 
  306           7 
  307           7 
  308           5 
  309           8 
  310           8 
  311           5 
  312          11 
  313           5 
  314           6 
  315          11 
  316           8 
  317           3 
  318          11 
  319           4 
  320           3 
  321           5 
  322           5 
  323           3 
  324          12 
  325           4 
  326          13 
  327           6 
  328           6 
  329           6 
  330           4 
  331          13 
  332           6 
  333           6 
  334          11 
  335           8 
  336           7 
  337           6 
  338           9 
  339           5 
  340           8 
  341           3 
  342           6 
  343           5 
  344           8 
  345           9 
  346           3 
  347           5 
  348           4 
  349           5 
  350           9 
  351          17 
  352           6 
  353           8 
  354           4 
  355           5 
  356           9 
  357           3 
  358           7 
  359           4 
  360          10 
  361           3 
  362           6 
  363           7 
  364           2 
  365           6 
  366           4 
  367          11 
  368           7 
  369           6 
  370           6 
  371           3 
  372           4 
  373           6 
  374           7 
  375           2 
  376           7 
  377           4 
  378           4 
  379           8 
  380           4 
  381           7 
  382           1 
  383           6 
  384           5 
  385           6 
  386           3 
  387           4 
  388           5 
  389           6 
  390           6 
  391           1 
  392           5 
  393           5 
  394           6 
  395           6 
  396           9 
  397           7 
  398          10 
  399           7 
  400          10 
  401           7 
  402          12 
  403           5 
  404           4 
  405           5 
  406           9 
  407           8 
  408           5 
  409           3 
  410           4 
  411           8 
  412           8 
  413           4 
  414           9 
  415           9 
  416           4 
  417           6 
  418           5 
  419           4 
  420          11 
  421           7 
  422           8 
  423           6 
  424           5 
  425           5 
  426          11 
  427           2 
  428           3 
  429           7 
  430           1 
  431           4 
  432           9 
  433           9 
  434           9 
  435           9 
  436           3 
  437           4 
  438          10 
  439           3 
  440           2 
  441           6 
  442           5 
  443           4 
  444           7 
  445          10 
  446           7 
  447          11 
  448           2 
  449           2 
  450           8 
  451           7 
  452           6 
  453           9 
  454           6 
  455           3 
  456           5 
  457           6 
  458           5 
  459          12 
  460           4 
  461           8 
  462          12 
  463           7 
  464           6 
  465           3 
  466           5 
  467           5 
  468           8 
  469           7 
  470           5 
  471           7 
  472           5 
  473          10 
  474           6 
  475           5 
  476           8 
  477           9 
  478           5 
  479           3 
  480           9 
  481           4 
  482           7 
  483           6 
  484           6 
  485           7 
  486           8 
  487           5 
  488           5 
  489           5 
  490           8 
  491           6 
  492           9 
  493           0 
  494          11 
  495           5 
  496           7 
  497           7 
  498           9 
  499           5 
  500           3 
  501           4 
  502           0 
  503           0 
  504           0 
  505           0 
  506           0 
  507           0 
  508           0 
  509           0 
  510           0 
  511           0 
  512           0 
