    1           0 
    2           0 
    3          18 
    4          58 
    5          42 
    6          63 
    7          52 
    8          79 
    9          59 
   10          41 
   11          26 
   12          39 
   13          34 
   14          42 
   15          36 
   16          36 
   17          39 
   18          21 
   19          36 
   20          24 
   21          23 
   22          29 
   23          26 
   24          31 
   25          21 
   26          26 
   27          19 
   28          20 
   29          27 
   30          12 
   31          30 
   32          18 
   33          21 
   34          20 
   35          22 
   36          15 
   37          19 
   38          29 
   39          27 
   40          21 
   41          17 
   42          15 
   43          18 
   44          19 
   45          16 
   46          13 
   47          14 
   48          18 
   49          15 
   50          13 
   51          13 
   52          11 
   53          18 
   54          16 
   55           9 
   56          23 
   57          17 
   58          18 
   59           9 
   60          17 
   61          19 
   62          16 
   63          19 
   64          14 
   65          13 
   66          21 
   67          18 
   68          10 
   69           6 
   70          10 
   71          12 
   72          14 
   73          10 
   74          15 
   75          12 
   76           9 
   77          13 
   78           8 
   79           5 
   80           8 
   81          10 
   82          12 
   83          13 
   84           9 
   85           9 
   86          10 
   87           6 
   88          11 
   89          10 
   90           9 
   91           9 
   92          13 
   93           6 
   94          11 
   95          11 
   96           7 
   97          10 
   98           8 
   99           5 
  100           9 
  101           7 
  102           7 
  103          15 
  104          10 
  105           3 
  106          11 
  107           7 
  108           7 
  109           4 
  110           8 
  111           6 
  112           6 
  113           7 
  114           7 
  115           4 
  116           5 
  117           7 
  118          13 
  119           8 
  120           6 
  121          13 
  122           8 
  123           6 
  124          10 
  125           3 
  126           4 
  127           2 
  128          12 
  129           5 
  130           2 
  131           7 
  132           3 
  133          10 
  134           5 
  135           5 
  136           3 
  137           6 
  138          10 
  139           5 
  140           6 
  141          10 
  142          11 
  143           5 
  144           4 
  145           9 
  146           2 
  147           5 
  148           4 
  149           4 
  150           0 
  151           4 
  152           7 
  153           3 
  154           7 
  155           5 
  156           5 
  157           1 
  158           3 
  159          10 
  160           6 
  161           8 
  162           4 
  163           4 
  164           5 
  165           4 
  166           4 
  167           6 
  168           7 
  169           5 
  170           6 
  171           6 
  172           3 
  173           3 
  174           6 
  175           4 
  176           2 
  177           4 
  178           3 
  179           4 
  180           2 
  181           5 
  182           3 
  183           6 
  184           3 
  185           5 
  186           2 
  187           2 
  188           2 
  189           2 
  190           6 
  191           8 
  192           7 
  193           2 
  194           5 
  195           1 
  196           6 
  197           5 
  198           3 
  199           2 
  200           7 
  201           4 
  202           5 
  203           2 
  204           3 
  205           5 
  206           1 
  207           6 
  208           5 
  209           2 
  210           2 
  211           0 
  212           7 
  213           3 
  214           1 
  215           2 
  216           3 
  217           4 
  218           4 
  219           2 
  220           1 
  221           2 
  222           2 
  223           2 
  224           2 
  225           1 
  226           2 
  227           1 
  228           4 
  229           3 
  230           6 
  231           4 
  232           1 
  233           1 
  234           2 
  235           1 
  236           1 
  237           2 
  238           6 
  239           4 
  240           1 
  241           3 
  242           5 
  243           0 
  244           2 
  245           2 
  246           3 
  247           4 
  248           2 
  249           1 
  250           2 
  251           3 
  252           1 
  253           2 
  254           2 
  255           5 
  256           4 
  257           0 
  258           2 
  259           3 
  260           4 
  261           4 
  262           1 
  263           3 
  264           0 
  265           3 
  266           1 
  267           3 
  268           3 
  269           2 
  270           1 
  271           5 
  272           3 
  273           1 
  274           5 
  275           1 
  276           2 
  277           2 
  278           0 
  279           3 
  280           2 
  281           2 
  282           3 
  283           4 
  284           0 
  285           5 
  286           3 
  287           3 
  288           3 
  289           2 
  290           0 
  291           6 
  292           2 
  293           2 
  294           1 
  295           3 
  296           1 
  297           0 
  298           1 
  299           1 
  300           4 
  301           2 
  302           3 
  303           1 
  304           2 
  305           3 
  306           2 
  307           0 
  308           2 
  309           2 
  310           4 
  311           2 
  312           4 
  313           2 
  314           2 
  315           0 
  316           2 
  317           0 
  318           4 
  319           4 
  320           2 
  321           0 
  322           3 
  323           1 
  324           2 
  325           0 
  326           1 
  327           1 
  328           4 
  329           0 
  330           1 
  331           0 
  332           1 
  333           4 
  334           1 
  335           2 
  336           0 
  337           2 
  338           4 
  339           2 
  340           2 
  341           1 
  342           2 
  343           5 
  344           2 
  345           0 
  346           3 
  347           2 
  348           3 
  349           2 
  350           1 
  351           3 
  352           0 
  353           3 
  354           0 
  355           2 
  356           5 
  357           2 
  358           2 
  359           1 
  360           3 
  361           3 
  362           0 
  363           2 
  364           2 
  365           2 
  366           1 
  367           1 
  368           2 
  369           1 
  370           1 
  371           4 
  372           3 
  373           0 
  374           3 
  375           1 
  376           4 
  377           3 
  378           2 
  379           2 
  380           0 
  381           1 
  382           1 
  383           0 
  384           1 
  385           5 
  386           0 
  387           3 
  388           1 
  389           4 
  390           5 
  391           1 
  392           1 
  393           2 
  394           3 
  395           0 
  396           4 
  397           1 
  398           3 
  399           2 
  400           2 
  401           3 
  402           3 
  403           2 
  404           6 
  405           1 
  406           1 
  407           1 
  408           1 
  409           8 
  410           2 
  411           5 
  412           4 
  413           4 
  414           0 
  415           2 
  416           2 
  417           2 
  418           0 
  419           2 
  420           0 
  421           3 
  422           3 
  423           0 
  424           2 
  425           4 
  426           6 
  427           1 
  428           1 
  429           3 
  430           1 
  431           3 
  432           3 
  433           0 
  434           1 
  435           2 
  436           2 
  437           1 
  438           4 
  439           1 
  440           0 
  441           1 
  442           2 
  443           0 
  444           3 
  445           2 
  446           0 
  447           1 
  448           2 
  449           1 
  450           1 
  451           1 
  452           4 
  453           1 
  454           2 
  455           1 
  456           1 
  457           2 
  458           0 
  459           2 
  460           3 
  461           2 
  462           1 
  463           1 
  464           3 
  465           2 
  466           1 
  467           2 
  468           1 
  469           1 
  470           1 
  471           1 
  472           1 
  473           4 
  474           0 
  475           3 
  476           1 
  477           0 
  478           3 
  479           1 
  480           4 
  481           1 
  482           1 
  483           7 
  484           1 
  485           0 
  486           1 
  487           1 
  488           1 
  489           2 
  490           2 
  491           2 
  492           3 
  493           1 
  494           3 
  495           4 
  496           0 
  497           1 
  498           2 
  499           2 
  500           2 
  501           0 
  502           0 
  503           0 
  504           0 
  505           0 
  506           0 
  507           0 
  508           0 
  509           0 
  510           0 
  511           0 
  512           0 
