    1           0 
    2           0 
    3           0 
    4           0 
    5           0 
    6           7 
    7           7 
    8           8 
    9           3 
   10          10 
   11           8 
   12          12 
   13          19 
   14           8 
   15          12 
   16          14 
   17          10 
   18          11 
   19           6 
   20          15 
   21          13 
   22          13 
   23          10 
   24           6 
   25          13 
   26          12 
   27          13 
   28          13 
   29           7 
   30           8 
   31           5 
   32           4 
   33           8 
   34           1 
   35           8 
   36           4 
   37           7 
   38           6 
   39           6 
   40           4 
   41           6 
   42           4 
   43           5 
   44           9 
   45           5 
   46          10 
   47           7 
   48           4 
   49           7 
   50           3 
   51           5 
   52           9 
   53           4 
   54           4 
   55           5 
   56           5 
   57           7 
   58           2 
   59           5 
   60           8 
   61           6 
   62           2 
   63           5 
   64           7 
   65           2 
   66           3 
   67           1 
   68           4 
   69           5 
   70           0 
   71           6 
   72           3 
   73           4 
   74           4 
   75           5 
   76           5 
   77           3 
   78           3 
   79           5 
   80           5 
   81           1 
   82           5 
   83           1 
   84           4 
   85           3 
   86           0 
   87           6 
   88           3 
   89           3 
   90           1 
   91           6 
   92           2 
   93           4 
   94           8 
   95           1 
   96           4 
   97           6 
   98           3 
   99           2 
  100           1 
  101           6 
  102           0 
  103           6 
  104           0 
  105           4 
  106           3 
  107           0 
  108           0 
  109           5 
  110           4 
  111           4 
  112           1 
  113           3 
  114           3 
  115           2 
  116           2 
  117           2 
  118           0 
  119           3 
  120           1 
  121           1 
  122           2 
  123           4 
  124           1 
  125           2 
  126           2 
  127           1 
  128           3 
  129           2 
  130           3 
  131           3 
  132           0 
  133           1 
  134           1 
  135           2 
  136           2 
  137           4 
  138           0 
  139           0 
  140           1 
  141           2 
  142           2 
  143           0 
  144           4 
  145           4 
  146           1 
  147           3 
  148           1 
  149           1 
  150           5 
  151           2 
  152           1 
  153           3 
  154           0 
  155           0 
  156           2 
  157           3 
  158           2 
  159           1 
  160           0 
  161           4 
  162           1 
  163           2 
  164           2 
  165           1 
  166           3 
  167           1 
  168           1 
  169           3 
  170           0 
  171           1 
  172           1 
  173           3 
  174           2 
  175           3 
  176           1 
  177           0 
  178           2 
  179           1 
  180           3 
  181           0 
  182           0 
  183           0 
  184           0 
  185           2 
  186           2 
  187           1 
  188           0 
  189           2 
  190           0 
  191           3 
  192           1 
  193           2 
  194           3 
  195           0 
  196           3 
  197           2 
  198           0 
  199           1 
  200           1 
  201           0 
  202           2 
  203           0 
  204           0 
  205           2 
  206           1 
  207           4 
  208           1 
  209           0 
  210           1 
  211           3 
  212           2 
  213           1 
  214           1 
  215           2 
  216           2 
  217           2 
  218           1 
  219           1 
  220           1 
  221           2 
  222           0 
  223           1 
  224           0 
  225           3 
  226           2 
  227           1 
  228           1 
  229           0 
  230           2 
  231           0 
  232           1 
  233           0 
  234           1 
  235           0 
  236           4 
  237           2 
  238           0 
  239           0 
  240           1 
  241           1 
  242           1 
  243           1 
  244           1 
  245           2 
  246           0 
  247           2 
  248           0 
  249           2 
  250           0 
  251           1 
  252           1 
  253           0 
  254           0 
  255           0 
  256           1 
  257           0 
  258           1 
  259           1 
  260           2 
  261           1 
  262           1 
  263           1 
  264           1 
  265           1 
  266           2 
  267           1 
  268           1 
  269           0 
  270           0 
  271           0 
  272           0 
  273           0 
  274           0 
  275           2 
  276           1 
  277           2 
  278           0 
  279           0 
  280           0 
  281           2 
  282           0 
  283           3 
  284           1 
  285           1 
  286           2 
  287           2 
  288           0 
  289           0 
  290           0 
  291           1 
  292           0 
  293           2 
  294           0 
  295           2 
  296           2 
  297           3 
  298           0 
  299           1 
  300           1 
  301           1 
  302           0 
  303           1 
  304           4 
  305           0 
  306           1 
  307           0 
  308           1 
  309           1 
  310           3 
  311           0 
  312           1 
  313           0 
  314           1 
  315           0 
  316           2 
  317           1 
  318           1 
  319           1 
  320           0 
  321           0 
  322           0 
  323           0 
  324           0 
  325           0 
  326           0 
  327           0 
  328           1 
  329           0 
  330           0 
  331           1 
  332           0 
  333           2 
  334           0 
  335           1 
  336           2 
  337           1 
  338           1 
  339           0 
  340           0 
  341           0 
  342           0 
  343           0 
  344           0 
  345           1 
  346           1 
  347           0 
  348           1 
  349           1 
  350           0 
  351           0 
  352           1 
  353           1 
  354           0 
  355           1 
  356           3 
  357           1 
  358           0 
  359           0 
  360           0 
  361           1 
  362           1 
  363           0 
  364           1 
  365           2 
  366           1 
  367           1 
  368           1 
  369           1 
  370           2 
  371           1 
  372           1 
  373           3 
  374           0 
  375           1 
  376           0 
  377           1 
  378           0 
  379           0 
  380           1 
  381           1 
  382           1 
  383           0 
  384           0 
  385           0 
  386           0 
  387           3 
  388           1 
  389           3 
  390           0 
  391           0 
  392           0 
  393           1 
  394           1 
  395           1 
  396           0 
  397           0 
  398           1 
  399           2 
  400           0 
  401           1 
  402           1 
  403           1 
  404           1 
  405           0 
  406           1 
  407           0 
  408           0 
  409           1 
  410           2 
  411           0 
  412           0 
  413           0 
  414           1 
  415           0 
  416           1 
  417           1 
  418           2 
  419           3 
  420           2 
  421           1 
  422           0 
  423           1 
  424           2 
  425           0 
  426           1 
  427           1 
  428           0 
  429           0 
  430           0 
  431           1 
  432           1 
  433           0 
  434           0 
  435           2 
  436           0 
  437           0 
  438           2 
  439           0 
  440           2 
  441           0 
  442           0 
  443           0 
  444           2 
  445           0 
  446           0 
  447           1 
  448           2 
  449           1 
  450           1 
  451           0 
  452           1 
  453           0 
  454           1 
  455           0 
  456           0 
  457           0 
  458           1 
  459           1 
  460           1 
  461           0 
  462           0 
  463           1 
  464           2 
  465           1 
  466           1 
  467           0 
  468           0 
  469           0 
  470           2 
  471           5 
  472           0 
  473           1 
  474           1 
  475           1 
  476           1 
  477           1 
  478           1 
  479           3 
  480           0 
  481           0 
  482           2 
  483           0 
  484           0 
  485           0 
  486           0 
  487           0 
  488           0 
  489           0 
  490           0 
  491           0 
  492           0 
  493           0 
  494           0 
  495           0 
  496           0 
  497           0 
  498           0 
  499           0 
  500           0 
  501           0 
  502           0 
  503           0 
  504           0 
  505           0 
  506           0 
  507           0 
  508           0 
  509           0 
  510           0 
  511           0 
  512           0 
