    1           0 
    2           0 
    3           0 
    4           0 
    5           0 
    6           2 
    7           0 
    8           1 
    9           0 
   10           7 
   11          10 
   12           8 
   13           6 
   14           4 
   15          11 
   16           6 
   17           7 
   18           4 
   19           5 
   20           3 
   21           5 
   22           7 
   23           7 
   24           5 
   25           2 
   26           5 
   27           3 
   28           1 
   29           2 
   30           3 
   31           4 
   32           3 
   33           2 
   34           4 
   35           5 
   36           4 
   37           3 
   38           5 
   39           1 
   40           3 
   41           3 
   42           3 
   43           1 
   44           1 
   45           3 
   46           2 
   47           5 
   48           6 
   49           0 
   50           4 
   51           3 
   52           5 
   53           2 
   54           4 
   55           4 
   56           2 
   57           4 
   58           3 
   59           2 
   60           3 
   61           2 
   62           2 
   63           4 
   64           4 
   65           2 
   66           3 
   67           1 
   68           3 
   69           0 
   70           1 
   71           2 
   72           0 
   73           1 
   74           2 
   75           0 
   76           1 
   77           1 
   78           2 
   79           1 
   80           3 
   81           2 
   82           2 
   83           3 
   84           3 
   85           1 
   86           2 
   87           0 
   88           0 
   89           2 
   90           2 
   91           0 
   92           2 
   93           1 
   94           3 
   95           1 
   96           3 
   97           0 
   98           1 
   99           2 
  100           2 
  101           2 
  102           4 
  103           2 
  104           2 
  105           1 
  106           2 
  107           1 
  108           1 
  109           0 
  110           1 
  111           2 
  112           2 
  113           0 
  114           1 
  115           2 
  116           0 
  117           0 
  118           0 
  119           3 
  120           1 
  121           3 
  122           1 
  123           6 
  124           1 
  125           3 
  126           2 
  127           0 
  128           0 
  129           0 
  130           3 
  131           1 
  132           0 
  133           0 
  134           0 
  135           0 
  136           2 
  137           0 
  138           1 
  139           0 
  140           1 
  141           0 
  142           1 
  143           0 
  144           0 
  145           4 
  146           0 
  147           0 
  148           0 
  149           1 
  150           2 
  151           0 
  152           1 
  153           0 
  154           3 
  155           2 
  156           1 
  157           0 
  158           1 
  159           2 
  160           1 
  161           0 
  162           0 
  163           0 
  164           0 
  165           1 
  166           1 
  167           1 
  168           0 
  169           0 
  170           0 
  171           2 
  172           0 
  173           0 
  174           1 
  175           0 
  176           1 
  177           0 
  178           0 
  179           1 
  180           0 
  181           3 
  182           2 
  183           3 
  184           1 
  185           0 
  186           2 
  187           0 
  188           0 
  189           0 
  190           0 
  191           1 
  192           1 
  193           1 
  194           0 
  195           0 
  196           0 
  197           2 
  198           0 
  199           0 
  200           1 
  201           2 
  202           1 
  203           0 
  204           0 
  205           1 
  206           2 
  207           2 
  208           0 
  209           0 
  210           1 
  211           1 
  212           0 
  213           0 
  214           0 
  215           0 
  216           1 
  217           1 
  218           0 
  219           1 
  220           0 
  221           1 
  222           1 
  223           0 
  224           0 
  225           0 
  226           1 
  227           0 
  228           1 
  229           0 
  230           0 
  231           0 
  232           0 
  233           3 
  234           0 
  235           0 
  236           2 
  237           1 
  238           0 
  239           0 
  240           0 
  241           1 
  242           0 
  243           0 
  244           2 
  245           0 
  246           1 
  247           1 
  248           0 
  249           0 
  250           2 
  251           0 
  252           0 
  253           0 
  254           0 
  255           0 
  256           0 
  257           0 
  258           0 
  259           0 
  260           1 
  261           0 
  262           0 
  263           2 
  264           0 
  265           1 
  266           1 
  267           0 
  268           1 
  269           0 
  270           0 
  271           0 
  272           0 
  273           0 
  274           0 
  275           1 
  276           1 
  277           0 
  278           1 
  279           2 
  280           0 
  281           1 
  282           0 
  283           0 
  284           0 
  285           0 
  286           1 
  287           0 
  288           1 
  289           0 
  290           0 
  291           0 
  292           0 
  293           0 
  294           0 
  295           0 
  296           0 
  297           0 
  298           0 
  299           0 
  300           1 
  301           0 
  302           0 
  303           0 
  304           0 
  305           0 
  306           0 
  307           0 
  308           1 
  309           1 
  310           1 
  311           0 
  312           1 
  313           0 
  314           0 
  315           0 
  316           1 
  317           0 
  318           0 
  319           0 
  320           1 
  321           1 
  322           0 
  323           1 
  324           0 
  325           0 
  326           0 
  327           0 
  328           1 
  329           0 
  330           0 
  331           1 
  332           0 
  333           0 
  334           0 
  335           0 
  336           0 
  337           1 
  338           0 
  339           1 
  340           1 
  341           0 
  342           0 
  343           1 
  344           1 
  345           1 
  346           1 
  347           0 
  348           1 
  349           0 
  350           0 
  351           0 
  352           0 
  353           0 
  354           0 
  355           0 
  356           0 
  357           1 
  358           1 
  359           0 
  360           1 
  361           0 
  362           0 
  363           0 
  364           1 
  365           0 
  366           0 
  367           0 
  368           0 
  369           0 
  370           2 
  371           0 
  372           1 
  373           0 
  374           0 
  375           2 
  376           1 
  377           1 
  378           1 
  379           0 
  380           1 
  381           2 
  382           1 
  383           2 
  384           0 
  385           0 
  386           1 
  387           0 
  388           0 
  389           1 
  390           1 
  391           1 
  392           0 
  393           0 
  394           0 
  395           0 
  396           1 
  397           1 
  398           0 
  399           0 
  400           0 
  401           0 
  402           0 
  403           0 
  404           0 
  405           0 
  406           0 
  407           1 
  408           1 
  409           0 
  410           0 
  411           0 
  412           0 
  413           0 
  414           0 
  415           0 
  416           1 
  417           1 
  418           1 
  419           0 
  420           1 
  421           0 
  422           0 
  423           0 
  424           0 
  425           0 
  426           0 
  427           1 
  428           1 
  429           1 
  430           0 
  431           0 
  432           1 
  433           0 
  434           0 
  435           1 
  436           1 
  437           0 
  438           1 
  439           1 
  440           2 
  441           0 
  442           0 
  443           0 
  444           0 
  445           0 
  446           0 
  447           0 
  448           0 
  449           0 
  450           0 
  451           0 
  452           0 
  453           0 
  454           0 
  455           0 
  456           0 
  457           0 
  458           0 
  459           0 
  460           0 
  461           0 
  462           0 
  463           0 
  464           0 
  465           1 
  466           1 
  467           0 
  468           1 
  469           0 
  470           0 
  471           1 
  472           1 
  473           0 
  474           1 
  475           0 
  476           0 
  477           0 
  478           0 
  479           0 
  480           0 
  481           1 
  482           0 
  483           0 
  484           0 
  485           0 
  486           0 
  487           0 
  488           0 
  489           0 
  490           0 
  491           0 
  492           0 
  493           0 
  494           0 
  495           0 
  496           0 
  497           0 
  498           0 
  499           0 
  500           0 
  501           0 
  502           0 
  503           0 
  504           0 
  505           0 
  506           0 
  507           0 
  508           0 
  509           0 
  510           0 
  511           0 
  512           0 
