    1           0 
    2           0 
    3           0 
    4           0 
    5           0 
    6           1 
    7           4 
    8           6 
    9          12 
   10          19 
   11          26 
   12          35 
   13          25 
   14          30 
   15          27 
   16          20 
   17          29 
   18          20 
   19          26 
   20          25 
   21          25 
   22          18 
   23          20 
   24          17 
   25          16 
   26          19 
   27          13 
   28           7 
   29          17 
   30          13 
   31          16 
   32          21 
   33          14 
   34          15 
   35          16 
   36          11 
   37          16 
   38          12 
   39          11 
   40           7 
   41          12 
   42          18 
   43          15 
   44           9 
   45           6 
   46           9 
   47          15 
   48          12 
   49           8 
   50          11 
   51           8 
   52          13 
   53          11 
   54           7 
   55          12 
   56          15 
   57           8 
   58           9 
   59          11 
   60          12 
   61           6 
   62          10 
   63          18 
   64          15 
   65           5 
   66           7 
   67           7 
   68           7 
   69          12 
   70           7 
   71           7 
   72           0 
   73          12 
   74           4 
   75          10 
   76           6 
   77           5 
   78           7 
   79           3 
   80           5 
   81           4 
   82           6 
   83           5 
   84           8 
   85           8 
   86           8 
   87           9 
   88           4 
   89           8 
   90           8 
   91           5 
   92           3 
   93           9 
   94           5 
   95           9 
   96           7 
   97           7 
   98          11 
   99           8 
  100           7 
  101           6 
  102           4 
  103           2 
  104          10 
  105           8 
  106           5 
  107           5 
  108           6 
  109           2 
  110           6 
  111           6 
  112          11 
  113           6 
  114           4 
  115           6 
  116           4 
  117           9 
  118           5 
  119           5 
  120           4 
  121           1 
  122           3 
  123           4 
  124           7 
  125           5 
  126           3 
  127           3 
  128           3 
  129           2 
  130           6 
  131           4 
  132           7 
  133           2 
  134           3 
  135           1 
  136           2 
  137           5 
  138           0 
  139           2 
  140           1 
  141           9 
  142           5 
  143           6 
  144           7 
  145           3 
  146           7 
  147           2 
  148           3 
  149           5 
  150           3 
  151           6 
  152           1 
  153           5 
  154           2 
  155           2 
  156           4 
  157           7 
  158           2 
  159           2 
  160           1 
  161           2 
  162           2 
  163           3 
  164           2 
  165           3 
  166           2 
  167           5 
  168           2 
  169           2 
  170           2 
  171           1 
  172           2 
  173           1 
  174           0 
  175           5 
  176           3 
  177           3 
  178           3 
  179           2 
  180           3 
  181           4 
  182           2 
  183           4 
  184           2 
  185           2 
  186           1 
  187           2 
  188           1 
  189           4 
  190           1 
  191           3 
  192           5 
  193           3 
  194           3 
  195           2 
  196           7 
  197           1 
  198           4 
  199           1 
  200           0 
  201           1 
  202           2 
  203           1 
  204           4 
  205           2 
  206           3 
  207           3 
  208           3 
  209           2 
  210           3 
  211           7 
  212           3 
  213           2 
  214           1 
  215           2 
  216           2 
  217           3 
  218           2 
  219           0 
  220           4 
  221           4 
  222           0 
  223           3 
  224           2 
  225           2 
  226           1 
  227           5 
  228           1 
  229           1 
  230           3 
  231           2 
  232           4 
  233           4 
  234           2 
  235           2 
  236           4 
  237           1 
  238           2 
  239           2 
  240           0 
  241           0 
  242           1 
  243           3 
  244           3 
  245           1 
  246           1 
  247           3 
  248           2 
  249           2 
  250           1 
  251           0 
  252           4 
  253           6 
  254           1 
  255           2 
  256           2 
  257           4 
  258           0 
  259           0 
  260           3 
  261           0 
  262           3 
  263           2 
  264           1 
  265           5 
  266           1 
  267           2 
  268           4 
  269           2 
  270           3 
  271           1 
  272           3 
  273           2 
  274           4 
  275           3 
  276           1 
  277           3 
  278           1 
  279           2 
  280           2 
  281           2 
  282           0 
  283           2 
  284           3 
  285           0 
  286           4 
  287           2 
  288           5 
  289           1 
  290           2 
  291           1 
  292           2 
  293           3 
  294           2 
  295           1 
  296           1 
  297           0 
  298           1 
  299           2 
  300           2 
  301           0 
  302           4 
  303           3 
  304           0 
  305           1 
  306           0 
  307           1 
  308           4 
  309           4 
  310           0 
  311           2 
  312           2 
  313           1 
  314           3 
  315           2 
  316           2 
  317           1 
  318           5 
  319           3 
  320           1 
  321           0 
  322           0 
  323           2 
  324           2 
  325           2 
  326           4 
  327           1 
  328           0 
  329           1 
  330           3 
  331           3 
  332           4 
  333           4 
  334           1 
  335           1 
  336           0 
  337           2 
  338           1 
  339           3 
  340           2 
  341           2 
  342           1 
  343           2 
  344           2 
  345           1 
  346           3 
  347           2 
  348           4 
  349           1 
  350           3 
  351           0 
  352           1 
  353           2 
  354           3 
  355           1 
  356           3 
  357           3 
  358           1 
  359           3 
  360           0 
  361           1 
  362           1 
  363           1 
  364           0 
  365           3 
  366           2 
  367           0 
  368           4 
  369           1 
  370           0 
  371           2 
  372           2 
  373           2 
  374           0 
  375           4 
  376           3 
  377           0 
  378           1 
  379           1 
  380           1 
  381           2 
  382           3 
  383           1 
  384           2 
  385           4 
  386           1 
  387           1 
  388           2 
  389           5 
  390           1 
  391           3 
  392           2 
  393           1 
  394           1 
  395           1 
  396           0 
  397           1 
  398           3 
  399           2 
  400           2 
  401           3 
  402           0 
  403           1 
  404           3 
  405           4 
  406           3 
  407           2 
  408           1 
  409           2 
  410           1 
  411           1 
  412           1 
  413           2 
  414           3 
  415           2 
  416           3 
  417           2 
  418           0 
  419           1 
  420           0 
  421           4 
  422           2 
  423           1 
  424           1 
  425           1 
  426           1 
  427           3 
  428           0 
  429           5 
  430           1 
  431           5 
  432           2 
  433           0 
  434           0 
  435           3 
  436           2 
  437           3 
  438           4 
  439           1 
  440           1 
  441           1 
  442           1 
  443           1 
  444           2 
  445           3 
  446           2 
  447           3 
  448           2 
  449           6 
  450           0 
  451           4 
  452           0 
  453           1 
  454           2 
  455           0 
  456           2 
  457           1 
  458           1 
  459           1 
  460           3 
  461           3 
  462           2 
  463           3 
  464           1 
  465           0 
  466           2 
  467           3 
  468           2 
  469           2 
  470           4 
  471           0 
  472           2 
  473           1 
  474           2 
  475           1 
  476           3 
  477           2 
  478           0 
  479           2 
  480           6 
  481           1 
  482           0 
  483           0 
  484           0 
  485           0 
  486           0 
  487           0 
  488           0 
  489           0 
  490           0 
  491           0 
  492           0 
  493           0 
  494           0 
  495           0 
  496           0 
  497           0 
  498           0 
  499           0 
  500           0 
  501           0 
  502           0 
  503           0 
  504           0 
  505           0 
  506           0 
  507           0 
  508           0 
  509           0 
  510           0 
  511           0 
  512           0 
