    1           0 
    2           0 
    3           0 
    4           0 
    5           0 
    6           0 
    7           0 
    8           2 
    9           3 
   10           8 
   11          10 
   12          10 
   13           7 
   14          11 
   15           5 
   16           8 
   17           6 
   18          12 
   19          10 
   20           3 
   21           6 
   22           5 
   23           4 
   24           3 
   25           3 
   26           6 
   27           5 
   28           3 
   29           4 
   30           9 
   31           2 
   32           3 
   33           3 
   34           4 
   35           4 
   36           3 
   37           5 
   38           4 
   39           4 
   40           4 
   41           3 
   42           5 
   43           4 
   44           6 
   45           2 
   46           6 
   47           6 
   48           2 
   49           3 
   50           5 
   51           3 
   52           3 
   53           9 
   54           2 
   55           5 
   56           4 
   57           0 
   58           2 
   59           2 
   60           4 
   61           0 
   62           3 
   63           5 
   64           2 
   65           3 
   66           1 
   67           5 
   68           5 
   69           2 
   70           3 
   71           2 
   72           4 
   73           2 
   74           2 
   75           1 
   76           3 
   77           1 
   78           1 
   79           0 
   80           4 
   81           1 
   82           2 
   83           0 
   84           2 
   85           2 
   86           1 
   87           2 
   88           0 
   89           6 
   90           3 
   91           2 
   92           1 
   93           0 
   94           2 
   95           2 
   96           3 
   97           0 
   98           4 
   99           6 
  100           4 
  101           4 
  102           3 
  103           1 
  104           2 
  105           0 
  106           0 
  107           2 
  108           0 
  109           3 
  110           2 
  111           1 
  112           2 
  113           1 
  114           2 
  115           0 
  116           2 
  117           2 
  118           1 
  119           2 
  120           0 
  121           1 
  122           2 
  123           1 
  124           1 
  125           0 
  126           2 
  127           1 
  128           2 
  129           1 
  130           0 
  131           1 
  132           1 
  133           2 
  134           2 
  135           0 
  136           0 
  137           3 
  138           1 
  139           0 
  140           0 
  141           0 
  142           4 
  143           0 
  144           1 
  145           0 
  146           0 
  147           1 
  148           1 
  149           1 
  150           4 
  151           1 
  152           3 
  153           2 
  154           0 
  155           1 
  156           0 
  157           1 
  158           2 
  159           1 
  160           1 
  161           0 
  162           2 
  163           1 
  164           1 
  165           1 
  166           1 
  167           2 
  168           1 
  169           0 
  170           1 
  171           0 
  172           0 
  173           0 
  174           0 
  175           1 
  176           0 
  177           0 
  178           1 
  179           2 
  180           2 
  181           0 
  182           0 
  183           2 
  184           0 
  185           0 
  186           1 
  187           1 
  188           1 
  189           1 
  190           1 
  191           0 
  192           1 
  193           2 
  194           1 
  195           0 
  196           0 
  197           0 
  198           1 
  199           1 
  200           0 
  201           1 
  202           1 
  203           2 
  204           2 
  205           1 
  206           0 
  207           2 
  208           0 
  209           0 
  210           1 
  211           1 
  212           3 
  213           2 
  214           0 
  215           2 
  216           1 
  217           3 
  218           1 
  219           0 
  220           1 
  221           2 
  222           1 
  223           0 
  224           1 
  225           1 
  226           0 
  227           1 
  228           3 
  229           0 
  230           0 
  231           0 
  232           1 
  233           3 
  234           3 
  235           0 
  236           2 
  237           0 
  238           1 
  239           1 
  240           0 
  241           2 
  242           1 
  243           0 
  244           2 
  245           0 
  246           0 
  247           2 
  248           2 
  249           0 
  250           2 
  251           1 
  252           0 
  253           0 
  254           0 
  255           2 
  256           0 
  257           0 
  258           0 
  259           1 
  260           0 
  261           0 
  262           1 
  263           0 
  264           1 
  265           0 
  266           0 
  267           0 
  268           0 
  269           0 
  270           0 
  271           1 
  272           1 
  273           0 
  274           1 
  275           1 
  276           0 
  277           1 
  278           0 
  279           0 
  280           2 
  281           1 
  282           1 
  283           0 
  284           0 
  285           0 
  286           0 
  287           0 
  288           0 
  289           0 
  290           0 
  291           1 
  292           1 
  293           0 
  294           0 
  295           2 
  296           0 
  297           1 
  298           0 
  299           1 
  300           0 
  301           0 
  302           0 
  303           1 
  304           1 
  305           0 
  306           1 
  307           0 
  308           1 
  309           1 
  310           0 
  311           0 
  312           1 
  313           0 
  314           0 
  315           0 
  316           3 
  317           1 
  318           0 
  319           0 
  320           0 
  321           2 
  322           2 
  323           0 
  324           2 
  325           1 
  326           2 
  327           0 
  328           0 
  329           0 
  330           0 
  331           0 
  332           1 
  333           0 
  334           0 
  335           0 
  336           0 
  337           0 
  338           0 
  339           1 
  340           1 
  341           0 
  342           0 
  343           0 
  344           2 
  345           1 
  346           0 
  347           1 
  348           0 
  349           0 
  350           2 
  351           0 
  352           0 
  353           0 
  354           3 
  355           0 
  356           1 
  357           0 
  358           2 
  359           2 
  360           1 
  361           0 
  362           0 
  363           3 
  364           0 
  365           0 
  366           0 
  367           0 
  368           2 
  369           1 
  370           0 
  371           0 
  372           1 
  373           1 
  374           1 
  375           0 
  376           0 
  377           3 
  378           2 
  379           0 
  380           1 
  381           0 
  382           0 
  383           1 
  384           1 
  385           0 
  386           0 
  387           0 
  388           2 
  389           1 
  390           0 
  391           0 
  392           0 
  393           1 
  394           0 
  395           0 
  396           1 
  397           1 
  398           0 
  399           0 
  400           0 
  401           0 
  402           0 
  403           0 
  404           1 
  405           0 
  406           0 
  407           0 
  408           0 
  409           1 
  410           1 
  411           0 
  412           0 
  413           0 
  414           0 
  415           1 
  416           1 
  417           1 
  418           0 
  419           1 
  420           0 
  421           0 
  422           0 
  423           1 
  424           1 
  425           1 
  426           2 
  427           1 
  428           1 
  429           0 
  430           2 
  431           0 
  432           0 
  433           1 
  434           0 
  435           0 
  436           0 
  437           1 
  438           1 
  439           0 
  440           1 
  441           0 
  442           0 
  443           0 
  444           0 
  445           0 
  446           0 
  447           0 
  448           1 
  449           1 
  450           0 
  451           0 
  452           1 
  453           0 
  454           1 
  455           0 
  456           0 
  457           0 
  458           0 
  459           1 
  460           0 
  461           2 
  462           1 
  463           0 
  464           0 
  465           1 
  466           1 
  467           0 
  468           2 
  469           0 
  470           1 
  471           1 
  472           0 
  473           1 
  474           0 
  475           0 
  476           1 
  477           0 
  478           0 
  479           1 
  480           0 
  481           1 
  482           1 
  483           0 
  484           0 
  485           0 
  486           0 
  487           0 
  488           0 
  489           0 
  490           0 
  491           0 
  492           0 
  493           0 
  494           0 
  495           0 
  496           0 
  497           0 
  498           0 
  499           0 
  500           0 
  501           0 
  502           0 
  503           0 
  504           0 
  505           0 
  506           0 
  507           0 
  508           0 
  509           0 
  510           0 
  511           0 
  512           0 
