    1           0 
    2           0 
    3           0 
    4           0 
    5           0 
    6           0 
    7           3 
    8           5 
    9           7 
   10          26 
   11          30 
   12          40 
   13          32 
   14          26 
   15          21 
   16          21 
   17          23 
   18          23 
   19          23 
   20          18 
   21          24 
   22          19 
   23          24 
   24          19 
   25          16 
   26          19 
   27          18 
   28          18 
   29          18 
   30          15 
   31          17 
   32          14 
   33          15 
   34          15 
   35          16 
   36          20 
   37          17 
   38          16 
   39          15 
   40          20 
   41           4 
   42          16 
   43           9 
   44          17 
   45          13 
   46           8 
   47          13 
   48          10 
   49          12 
   50          13 
   51          11 
   52          11 
   53          15 
   54           9 
   55          14 
   56          11 
   57           9 
   58          11 
   59          11 
   60          10 
   61          10 
   62           6 
   63           3 
   64          16 
   65          12 
   66           6 
   67          10 
   68           9 
   69          11 
   70           6 
   71           5 
   72           2 
   73           9 
   74          10 
   75           7 
   76          15 
   77          10 
   78           5 
   79           7 
   80           8 
   81           5 
   82           6 
   83          10 
   84           3 
   85           9 
   86           3 
   87           9 
   88          14 
   89           9 
   90           6 
   91           9 
   92           4 
   93           8 
   94           9 
   95           5 
   96           6 
   97           8 
   98           6 
   99           4 
  100           6 
  101           5 
  102           6 
  103           4 
  104           8 
  105           8 
  106           8 
  107           3 
  108           4 
  109           4 
  110           6 
  111           7 
  112           8 
  113           5 
  114           7 
  115           4 
  116           5 
  117           3 
  118           4 
  119           7 
  120           5 
  121           2 
  122           4 
  123           6 
  124           5 
  125           3 
  126           7 
  127           6 
  128           4 
  129           3 
  130           3 
  131           3 
  132           7 
  133           4 
  134          10 
  135           5 
  136           7 
  137           1 
  138           1 
  139           7 
  140           3 
  141           3 
  142           6 
  143           4 
  144           7 
  145           6 
  146           3 
  147           4 
  148           4 
  149           3 
  150           3 
  151           2 
  152           5 
  153           6 
  154           8 
  155           2 
  156           5 
  157           2 
  158           2 
  159           3 
  160           4 
  161           3 
  162           2 
  163           5 
  164           4 
  165           3 
  166           3 
  167           3 
  168           5 
  169           4 
  170           8 
  171           5 
  172           3 
  173           3 
  174           0 
  175           3 
  176           2 
  177           2 
  178           3 
  179           5 
  180           3 
  181           2 
  182           5 
  183           3 
  184           3 
  185           3 
  186           2 
  187           1 
  188           7 
  189           0 
  190           1 
  191           5 
  192           2 
  193           2 
  194           3 
  195           1 
  196           1 
  197           2 
  198           8 
  199           2 
  200           3 
  201           2 
  202           0 
  203           1 
  204           0 
  205           0 
  206           0 
  207           3 
  208           3 
  209           3 
  210           2 
  211           3 
  212           2 
  213           1 
  214           3 
  215           0 
  216           4 
  217           3 
  218           2 
  219           2 
  220           4 
  221           1 
  222           1 
  223           1 
  224           1 
  225           4 
  226           3 
  227           3 
  228           6 
  229           7 
  230           4 
  231           2 
  232           3 
  233           3 
  234           2 
  235           1 
  236           1 
  237           3 
  238           1 
  239           1 
  240           3 
  241           1 
  242           0 
  243           2 
  244           0 
  245           1 
  246           0 
  247           0 
  248           1 
  249           1 
  250           2 
  251           1 
  252           2 
  253           0 
  254           2 
  255           0 
  256           3 
  257           2 
  258           3 
  259           2 
  260           1 
  261           2 
  262           0 
  263           0 
  264           0 
  265           2 
  266           1 
  267           1 
  268           4 
  269           1 
  270           0 
  271           3 
  272           3 
  273           5 
  274           2 
  275           3 
  276           4 
  277           2 
  278           4 
  279           4 
  280           3 
  281           4 
  282           2 
  283           0 
  284           1 
  285           3 
  286           2 
  287           2 
  288           3 
  289           2 
  290           1 
  291           0 
  292           0 
  293           0 
  294           0 
  295           3 
  296           4 
  297           2 
  298           0 
  299           5 
  300           1 
  301           3 
  302           3 
  303           3 
  304           1 
  305           1 
  306           2 
  307           3 
  308           2 
  309           1 
  310           2 
  311           0 
  312           5 
  313           3 
  314           2 
  315           2 
  316           3 
  317           4 
  318           1 
  319           1 
  320           0 
  321           3 
  322           1 
  323           2 
  324           2 
  325           1 
  326           2 
  327           2 
  328           2 
  329           0 
  330           1 
  331           3 
  332           2 
  333           1 
  334           0 
  335           1 
  336           2 
  337           2 
  338           1 
  339           3 
  340           3 
  341           2 
  342           3 
  343           2 
  344           0 
  345           0 
  346           2 
  347           3 
  348           3 
  349           2 
  350           1 
  351           4 
  352           7 
  353           1 
  354           1 
  355           3 
  356           1 
  357           0 
  358           4 
  359           0 
  360           1 
  361           0 
  362           1 
  363           1 
  364           3 
  365           0 
  366           1 
  367           1 
  368           1 
  369           2 
  370           2 
  371           1 
  372           1 
  373           0 
  374           3 
  375           1 
  376           1 
  377           2 
  378           4 
  379           4 
  380           2 
  381           2 
  382           5 
  383           2 
  384           2 
  385           2 
  386           7 
  387           6 
  388           1 
  389           2 
  390           1 
  391           2 
  392           4 
  393           2 
  394           0 
  395           0 
  396           2 
  397           0 
  398           1 
  399           1 
  400           2 
  401           2 
  402           0 
  403           4 
  404           1 
  405           1 
  406           3 
  407           3 
  408           4 
  409           1 
  410           1 
  411           2 
  412           2 
  413           2 
  414           0 
  415           1 
  416           2 
  417           0 
  418           3 
  419           4 
  420           0 
  421           0 
  422           2 
  423           1 
  424           2 
  425           2 
  426           2 
  427           1 
  428           2 
  429           1 
  430           0 
  431           1 
  432           2 
  433           1 
  434           0 
  435           1 
  436           4 
  437           2 
  438           0 
  439           1 
  440           1 
  441           1 
  442           1 
  443           3 
  444           2 
  445           0 
  446           1 
  447           1 
  448           2 
  449           4 
  450           2 
  451           0 
  452           1 
  453           4 
  454           2 
  455           0 
  456           3 
  457           1 
  458           2 
  459           1 
  460           1 
  461           1 
  462           1 
  463           0 
  464           0 
  465           2 
  466           1 
  467           2 
  468           4 
  469           1 
  470           3 
  471           5 
  472           2 
  473           0 
  474           0 
  475           2 
  476           3 
  477           1 
  478           1 
  479           2 
  480           0 
  481           4 
  482           2 
  483           0 
  484           0 
  485           0 
  486           0 
  487           0 
  488           0 
  489           0 
  490           0 
  491           0 
  492           0 
  493           0 
  494           0 
  495           0 
  496           0 
  497           0 
  498           0 
  499           0 
  500           0 
  501           0 
  502           0 
  503           0 
  504           0 
  505           0 
  506           0 
  507           0 
  508           0 
  509           0 
  510           0 
  511           0 
  512           0 
