    1           0 
    2           0 
    3           0 
    4           0 
    5           0 
    6           0 
    7           0 
    8           2 
    9           2 
   10           2 
   11           1 
   12           0 
   13           7 
   14           2 
   15           3 
   16           1 
   17           4 
   18           0 
   19           2 
   20           4 
   21           1 
   22           1 
   23           1 
   24           2 
   25           1 
   26           5 
   27           3 
   28           3 
   29           2 
   30           3 
   31           2 
   32           2 
   33           1 
   34           1 
   35           1 
   36           2 
   37           2 
   38           1 
   39           1 
   40           1 
   41           0 
   42           2 
   43           2 
   44           2 
   45           0 
   46           0 
   47           2 
   48           1 
   49           0 
   50           1 
   51           1 
   52           2 
   53           0 
   54           1 
   55           3 
   56           0 
   57           1 
   58           2 
   59           0 
   60           1 
   61           2 
   62           1 
   63           3 
   64           1 
   65           1 
   66           1 
   67           1 
   68           1 
   69           0 
   70           3 
   71           0 
   72           1 
   73           1 
   74           0 
   75           2 
   76           0 
   77           2 
   78           1 
   79           1 
   80           1 
   81           1 
   82           0 
   83           3 
   84           0 
   85           1 
   86           0 
   87           1 
   88           1 
   89           1 
   90           1 
   91           1 
   92           0 
   93           0 
   94           0 
   95           0 
   96           1 
   97           0 
   98           0 
   99           0 
  100           0 
  101           0 
  102           0 
  103           1 
  104           1 
  105           0 
  106           0 
  107           1 
  108           0 
  109           0 
  110           1 
  111           1 
  112           0 
  113           1 
  114           0 
  115           2 
  116           1 
  117           1 
  118           0 
  119           1 
  120           1 
  121           1 
  122           0 
  123           0 
  124           0 
  125           2 
  126           0 
  127           1 
  128           1 
  129           0 
  130           0 
  131           0 
  132           1 
  133           0 
  134           0 
  135           0 
  136           1 
  137           0 
  138           4 
  139           0 
  140           0 
  141           0 
  142           1 
  143           0 
  144           1 
  145           1 
  146           1 
  147           0 
  148           0 
  149           2 
  150           0 
  151           0 
  152           1 
  153           0 
  154           0 
  155           0 
  156           1 
  157           0 
  158           0 
  159           0 
  160           0 
  161           0 
  162           2 
  163           0 
  164           0 
  165           0 
  166           0 
  167           1 
  168           0 
  169           0 
  170           0 
  171           0 
  172           0 
  173           0 
  174           0 
  175           0 
  176           0 
  177           0 
  178           0 
  179           0 
  180           0 
  181           1 
  182           0 
  183           0 
  184           0 
  185           0 
  186           1 
  187           0 
  188           1 
  189           0 
  190           1 
  191           0 
  192           0 
  193           0 
  194           0 
  195           1 
  196           0 
  197           0 
  198           0 
  199           0 
  200           1 
  201           0 
  202           0 
  203           0 
  204           0 
  205           0 
  206           0 
  207           1 
  208           0 
  209           1 
  210           0 
  211           0 
  212           2 
  213           0 
  214           1 
  215           0 
  216           0 
  217           0 
  218           0 
  219           0 
  220           0 
  221           0 
  222           0 
  223           0 
  224           0 
  225           0 
  226           1 
  227           0 
  228           0 
  229           1 
  230           1 
  231           0 
  232           0 
  233           0 
  234           0 
  235           0 
  236           0 
  237           0 
  238           1 
  239           0 
  240           1 
  241           0 
  242           0 
  243           0 
  244           0 
  245           0 
  246           0 
  247           0 
  248           0 
  249           0 
  250           0 
  251           1 
  252           0 
  253           0 
  254           1 
  255           1 
  256           0 
  257           0 
  258           0 
  259           0 
  260           0 
  261           0 
  262           0 
  263           0 
  264           0 
  265           0 
  266           0 
  267           0 
  268           0 
  269           0 
  270           0 
  271           0 
  272           0 
  273           0 
  274           0 
  275           1 
  276           0 
  277           0 
  278           0 
  279           0 
  280           0 
  281           0 
  282           0 
  283           1 
  284           0 
  285           0 
  286           0 
  287           0 
  288           0 
  289           0 
  290           0 
  291           0 
  292           1 
  293           0 
  294           1 
  295           0 
  296           0 
  297           0 
  298           0 
  299           0 
  300           0 
  301           0 
  302           0 
  303           0 
  304           0 
  305           0 
  306           0 
  307           1 
  308           0 
  309           0 
  310           0 
  311           0 
  312           0 
  313           0 
  314           0 
  315           0 
  316           0 
  317           0 
  318           0 
  319           0 
  320           0 
  321           0 
  322           0 
  323           0 
  324           0 
  325           0 
  326           0 
  327           0 
  328           0 
  329           2 
  330           0 
  331           0 
  332           0 
  333           0 
  334           0 
  335           0 
  336           0 
  337           1 
  338           0 
  339           0 
  340           0 
  341           1 
  342           0 
  343           0 
  344           0 
  345           0 
  346           0 
  347           1 
  348           0 
  349           0 
  350           0 
  351           1 
  352           0 
  353           0 
  354           0 
  355           0 
  356           0 
  357           0 
  358           0 
  359           0 
  360           0 
  361           1 
  362           1 
  363           0 
  364           0 
  365           0 
  366           0 
  367           0 
  368           0 
  369           0 
  370           0 
  371           0 
  372           0 
  373           0 
  374           0 
  375           0 
  376           0 
  377           0 
  378           0 
  379           1 
  380           0 
  381           1 
  382           1 
  383           0 
  384           0 
  385           1 
  386           0 
  387           0 
  388           0 
  389           0 
  390           1 
  391           0 
  392           0 
  393           0 
  394           0 
  395           0 
  396           0 
  397           0 
  398           0 
  399           0 
  400           0 
  401           0 
  402           1 
  403           0 
  404           0 
  405           0 
  406           0 
  407           0 
  408           0 
  409           0 
  410           1 
  411           0 
  412           0 
  413           0 
  414           1 
  415           1 
  416           0 
  417           0 
  418           0 
  419           0 
  420           0 
  421           0 
  422           0 
  423           0 
  424           0 
  425           0 
  426           0 
  427           0 
  428           0 
  429           0 
  430           0 
  431           0 
  432           0 
  433           0 
  434           1 
  435           0 
  436           0 
  437           0 
  438           0 
  439           0 
  440           1 
  441           0 
  442           0 
  443           0 
  444           0 
  445           0 
  446           0 
  447           0 
  448           1 
  449           0 
  450           0 
  451           0 
  452           0 
  453           0 
  454           0 
  455           0 
  456           0 
  457           0 
  458           0 
  459           1 
  460           0 
  461           0 
  462           0 
  463           0 
  464           0 
  465           0 
  466           0 
  467           1 
  468           0 
  469           0 
  470           0 
  471           0 
  472           0 
  473           0 
  474           0 
  475           0 
  476           0 
  477           0 
  478           0 
  479           0 
  480           0 
  481           0 
  482           0 
  483           0 
  484           0 
  485           0 
  486           0 
  487           0 
  488           0 
  489           0 
  490           0 
  491           0 
  492           0 
  493           0 
  494           0 
  495           0 
  496           0 
  497           0 
  498           0 
  499           0 
  500           0 
  501           0 
  502           0 
  503           0 
  504           0 
  505           0 
  506           0 
  507           0 
  508           0 
  509           0 
  510           0 
  511           0 
  512           0 
