    1           0 
    2           0 
    3           0 
    4           0 
    5           0 
    6           2 
    7           1 
    8           6 
    9           7 
   10          18 
   11          23 
   12          19 
   13          23 
   14          15 
   15          17 
   16          19 
   17          10 
   18          14 
   19          14 
   20          10 
   21          10 
   22          20 
   23          10 
   24          12 
   25           9 
   26           9 
   27          13 
   28          10 
   29           8 
   30          10 
   31           6 
   32          10 
   33          18 
   34           7 
   35          14 
   36           7 
   37           6 
   38           8 
   39          14 
   40          11 
   41          10 
   42           5 
   43           9 
   44           7 
   45           3 
   46           6 
   47           8 
   48           7 
   49           9 
   50           8 
   51           6 
   52           6 
   53           7 
   54           5 
   55           5 
   56           7 
   57           8 
   58           4 
   59           5 
   60           7 
   61           6 
   62           5 
   63           8 
   64           5 
   65           6 
   66           9 
   67           3 
   68           5 
   69           1 
   70           5 
   71           6 
   72           6 
   73           4 
   74           7 
   75           4 
   76           3 
   77           6 
   78           8 
   79           6 
   80           7 
   81           4 
   82           5 
   83           5 
   84           5 
   85           3 
   86           0 
   87           2 
   88           5 
   89           1 
   90           5 
   91           5 
   92           5 
   93           2 
   94           6 
   95           7 
   96           8 
   97           4 
   98           5 
   99           4 
  100           3 
  101           5 
  102           5 
  103           3 
  104           1 
  105           1 
  106           3 
  107           2 
  108           7 
  109           0 
  110           3 
  111           4 
  112           2 
  113           3 
  114           4 
  115           4 
  116           1 
  117           3 
  118           4 
  119           4 
  120           1 
  121           1 
  122           6 
  123           3 
  124           2 
  125           3 
  126           1 
  127           2 
  128           7 
  129           5 
  130           2 
  131           2 
  132           3 
  133           1 
  134           0 
  135           5 
  136           2 
  137           4 
  138           1 
  139           3 
  140           2 
  141           5 
  142           3 
  143           1 
  144           2 
  145           3 
  146           2 
  147           2 
  148           1 
  149           4 
  150           5 
  151           1 
  152           2 
  153           3 
  154           2 
  155           0 
  156           3 
  157           0 
  158           3 
  159           3 
  160           1 
  161           0 
  162           3 
  163           2 
  164           1 
  165           1 
  166           3 
  167           3 
  168           2 
  169           4 
  170           2 
  171           5 
  172           1 
  173           2 
  174           4 
  175           1 
  176           4 
  177           3 
  178           4 
  179           5 
  180           3 
  181           2 
  182           0 
  183           4 
  184           2 
  185           2 
  186           2 
  187           2 
  188           3 
  189           3 
  190           2 
  191           3 
  192           2 
  193           5 
  194           0 
  195           2 
  196           2 
  197           0 
  198           3 
  199           4 
  200           4 
  201           1 
  202           3 
  203           3 
  204           0 
  205           2 
  206           1 
  207           4 
  208           0 
  209           0 
  210           2 
  211           3 
  212           3 
  213           3 
  214           1 
  215           2 
  216           0 
  217           2 
  218           1 
  219           4 
  220           1 
  221           2 
  222           2 
  223           1 
  224           1 
  225           2 
  226           3 
  227           0 
  228           3 
  229           3 
  230           1 
  231           1 
  232           2 
  233           2 
  234           0 
  235           2 
  236           0 
  237           1 
  238           3 
  239           0 
  240           4 
  241           0 
  242           1 
  243           2 
  244           0 
  245           3 
  246           1 
  247           5 
  248           1 
  249           0 
  250           1 
  251           2 
  252           1 
  253           2 
  254           2 
  255           2 
  256           1 
  257           1 
  258           0 
  259           0 
  260           0 
  261           0 
  262           2 
  263           0 
  264           0 
  265           1 
  266           0 
  267           2 
  268           2 
  269           0 
  270           0 
  271           3 
  272           2 
  273           0 
  274           3 
  275           1 
  276           1 
  277           1 
  278           1 
  279           1 
  280           1 
  281           0 
  282           1 
  283           0 
  284           3 
  285           0 
  286           2 
  287           1 
  288           1 
  289           2 
  290           1 
  291           0 
  292           3 
  293           0 
  294           0 
  295           1 
  296           1 
  297           1 
  298           2 
  299           1 
  300           3 
  301           2 
  302           0 
  303           3 
  304           1 
  305           1 
  306           1 
  307           1 
  308           1 
  309           0 
  310           0 
  311           0 
  312           2 
  313           0 
  314           2 
  315           3 
  316           0 
  317           3 
  318           2 
  319           0 
  320           0 
  321           0 
  322           0 
  323           0 
  324           1 
  325           2 
  326           1 
  327           0 
  328           1 
  329           0 
  330           0 
  331           2 
  332           1 
  333           2 
  334           1 
  335           2 
  336           1 
  337           0 
  338           1 
  339           1 
  340           3 
  341           1 
  342           2 
  343           0 
  344           1 
  345           4 
  346           2 
  347           0 
  348           2 
  349           1 
  350           1 
  351           1 
  352           2 
  353           3 
  354           3 
  355           1 
  356           0 
  357           1 
  358           1 
  359           0 
  360           1 
  361           2 
  362           1 
  363           0 
  364           2 
  365           0 
  366           1 
  367           0 
  368           1 
  369           1 
  370           0 
  371           0 
  372           0 
  373           2 
  374           1 
  375           2 
  376           2 
  377           0 
  378           1 
  379           0 
  380           0 
  381           0 
  382           1 
  383           0 
  384           1 
  385           2 
  386           0 
  387           0 
  388           2 
  389           2 
  390           1 
  391           0 
  392           2 
  393           2 
  394           0 
  395           2 
  396           2 
  397           2 
  398           3 
  399           1 
  400           2 
  401           1 
  402           1 
  403           1 
  404           0 
  405           0 
  406           1 
  407           1 
  408           2 
  409           2 
  410           2 
  411           1 
  412           2 
  413           2 
  414           4 
  415           1 
  416           0 
  417           2 
  418           5 
  419           1 
  420           2 
  421           0 
  422           1 
  423           1 
  424           1 
  425           1 
  426           2 
  427           1 
  428           0 
  429           3 
  430           2 
  431           2 
  432           1 
  433           1 
  434           1 
  435           4 
  436           0 
  437           2 
  438           2 
  439           2 
  440           0 
  441           0 
  442           0 
  443           1 
  444           2 
  445           0 
  446           0 
  447           2 
  448           0 
  449           2 
  450           0 
  451           0 
  452           2 
  453           3 
  454           0 
  455           2 
  456           1 
  457           0 
  458           0 
  459           0 
  460           1 
  461           1 
  462           2 
  463           2 
  464           1 
  465           0 
  466           1 
  467           1 
  468           2 
  469           1 
  470           0 
  471           1 
  472           2 
  473           0 
  474           1 
  475           0 
  476           0 
  477           0 
  478           1 
  479           0 
  480           1 
  481           0 
  482           0 
  483           0 
  484           0 
  485           0 
  486           0 
  487           0 
  488           0 
  489           0 
  490           0 
  491           0 
  492           0 
  493           0 
  494           0 
  495           0 
  496           0 
  497           0 
  498           0 
  499           0 
  500           0 
  501           0 
  502           0 
  503           0 
  504           0 
  505           0 
  506           0 
  507           0 
  508           0 
  509           0 
  510           0 
  511           0 
  512           0 
