    1           0 
    2           0 
    3           0 
    4           0 
    5           0 
    6           1 
    7           2 
    8           2 
    9           8 
   10          14 
   11          19 
   12          10 
   13          16 
   14          10 
   15          17 
   16           9 
   17           6 
   18           9 
   19          11 
   20           7 
   21          10 
   22          12 
   23           7 
   24           9 
   25           4 
   26           9 
   27          10 
   28           8 
   29           9 
   30           4 
   31           6 
   32          10 
   33          12 
   34           1 
   35           6 
   36          10 
   37           7 
   38           7 
   39           8 
   40           9 
   41           5 
   42          13 
   43           9 
   44           3 
   45           8 
   46           5 
   47           6 
   48           7 
   49           8 
   50           4 
   51           7 
   52           3 
   53           6 
   54          11 
   55           4 
   56           4 
   57           2 
   58           4 
   59           4 
   60           5 
   61           6 
   62           8 
   63           6 
   64           9 
   65           4 
   66           6 
   67           3 
   68           4 
   69           5 
   70           3 
   71          10 
   72           2 
   73           3 
   74           1 
   75           2 
   76           9 
   77           3 
   78           3 
   79           5 
   80           5 
   81           3 
   82           4 
   83           3 
   84           8 
   85           7 
   86           4 
   87           2 
   88           3 
   89           6 
   90           3 
   91           4 
   92           6 
   93           5 
   94           2 
   95           4 
   96           1 
   97           5 
   98           3 
   99           0 
  100           6 
  101           2 
  102           3 
  103           3 
  104           3 
  105           5 
  106           4 
  107           1 
  108           3 
  109           1 
  110           3 
  111           2 
  112           6 
  113           4 
  114           1 
  115           3 
  116           3 
  117           0 
  118           0 
  119           4 
  120           2 
  121           1 
  122           1 
  123           1 
  124           6 
  125           5 
  126           0 
  127           5 
  128           3 
  129           2 
  130           3 
  131           6 
  132           1 
  133           1 
  134           2 
  135           0 
  136           0 
  137           3 
  138           2 
  139           5 
  140           2 
  141           3 
  142           1 
  143           0 
  144           1 
  145           2 
  146           5 
  147           1 
  148           4 
  149           2 
  150           0 
  151           3 
  152           3 
  153           1 
  154           4 
  155           2 
  156           1 
  157           1 
  158           2 
  159           3 
  160           3 
  161           3 
  162           2 
  163           3 
  164           1 
  165           2 
  166           4 
  167           1 
  168           3 
  169           1 
  170           5 
  171           1 
  172           3 
  173           0 
  174           1 
  175           0 
  176           1 
  177           1 
  178           2 
  179           1 
  180           0 
  181           0 
  182           1 
  183           0 
  184           4 
  185           1 
  186           1 
  187           0 
  188           3 
  189           6 
  190           1 
  191           1 
  192           4 
  193           1 
  194           3 
  195           1 
  196           2 
  197           1 
  198           1 
  199           2 
  200           2 
  201           4 
  202           0 
  203           4 
  204           0 
  205           3 
  206           0 
  207           3 
  208           5 
  209           1 
  210           1 
  211           0 
  212           2 
  213           1 
  214           5 
  215           1 
  216           1 
  217           0 
  218           2 
  219           3 
  220           0 
  221           2 
  222           1 
  223           0 
  224           3 
  225           1 
  226           3 
  227           0 
  228           1 
  229           2 
  230           1 
  231           3 
  232           1 
  233           3 
  234           2 
  235           2 
  236           0 
  237           2 
  238           1 
  239           2 
  240           3 
  241           0 
  242           1 
  243           0 
  244           2 
  245           0 
  246           0 
  247           3 
  248           1 
  249           1 
  250           3 
  251           1 
  252           1 
  253           0 
  254           0 
  255           1 
  256           0 
  257           0 
  258           2 
  259           2 
  260           0 
  261           0 
  262           1 
  263           0 
  264           2 
  265           1 
  266           0 
  267           3 
  268           0 
  269           1 
  270           3 
  271           2 
  272           3 
  273           0 
  274           1 
  275           0 
  276           1 
  277           2 
  278           2 
  279           0 
  280           0 
  281           1 
  282           2 
  283           0 
  284           1 
  285           2 
  286           2 
  287           0 
  288           2 
  289           2 
  290           0 
  291           2 
  292           2 
  293           1 
  294           2 
  295           3 
  296           3 
  297           0 
  298           1 
  299           2 
  300           0 
  301           0 
  302           3 
  303           0 
  304           2 
  305           1 
  306           1 
  307           2 
  308           1 
  309           2 
  310           3 
  311           1 
  312           2 
  313           0 
  314           1 
  315           0 
  316           1 
  317           1 
  318           1 
  319           2 
  320           0 
  321           0 
  322           0 
  323           3 
  324           0 
  325           1 
  326           3 
  327           0 
  328           0 
  329           0 
  330           2 
  331           0 
  332           4 
  333           0 
  334           0 
  335           0 
  336           0 
  337           0 
  338           0 
  339           1 
  340           0 
  341           0 
  342           0 
  343           0 
  344           0 
  345           1 
  346           1 
  347           1 
  348           1 
  349           4 
  350           2 
  351           1 
  352           0 
  353           1 
  354           0 
  355           1 
  356           1 
  357           1 
  358           1 
  359           0 
  360           1 
  361           1 
  362           1 
  363           2 
  364           1 
  365           1 
  366           1 
  367           1 
  368           0 
  369           2 
  370           0 
  371           0 
  372           3 
  373           3 
  374           1 
  375           2 
  376           0 
  377           2 
  378           1 
  379           2 
  380           4 
  381           3 
  382           0 
  383           2 
  384           0 
  385           0 
  386           3 
  387           2 
  388           0 
  389           3 
  390           0 
  391           1 
  392           0 
  393           3 
  394           1 
  395           1 
  396           0 
  397           0 
  398           2 
  399           4 
  400           1 
  401           0 
  402           2 
  403           0 
  404           0 
  405           1 
  406           1 
  407           1 
  408           2 
  409           1 
  410           1 
  411           1 
  412           0 
  413           2 
  414           2 
  415           0 
  416           0 
  417           2 
  418           1 
  419           0 
  420           1 
  421           0 
  422           1 
  423           3 
  424           1 
  425           1 
  426           2 
  427           0 
  428           1 
  429           0 
  430           1 
  431           0 
  432           1 
  433           3 
  434           2 
  435           2 
  436           1 
  437           1 
  438           1 
  439           0 
  440           3 
  441           1 
  442           1 
  443           0 
  444           1 
  445           1 
  446           0 
  447           0 
  448           0 
  449           0 
  450           0 
  451           2 
  452           1 
  453           0 
  454           0 
  455           2 
  456           0 
  457           1 
  458           1 
  459           2 
  460           1 
  461           0 
  462           1 
  463           0 
  464           0 
  465           0 
  466           0 
  467           0 
  468           0 
  469           2 
  470           1 
  471           0 
  472           1 
  473           1 
  474           2 
  475           2 
  476           0 
  477           1 
  478           0 
  479           0 
  480           0 
  481           3 
  482           2 
  483           0 
  484           0 
  485           0 
  486           0 
  487           0 
  488           0 
  489           0 
  490           0 
  491           0 
  492           0 
  493           0 
  494           0 
  495           0 
  496           0 
  497           0 
  498           0 
  499           0 
  500           0 
  501           0 
  502           0 
  503           0 
  504           0 
  505           0 
  506           0 
  507           0 
  508           0 
  509           0 
  510           0 
  511           0 
  512           0 
