    1           0 
    2           0 
    3           0 
    4           0 
    5           0 
    6           2 
    7           6 
    8           6 
    9          14 
   10          36 
   11          44 
   12          48 
   13          35 
   14          28 
   15          34 
   16          30 
   17          22 
   18          30 
   19          30 
   20          29 
   21          26 
   22          23 
   23          21 
   24          20 
   25          26 
   26          21 
   27          17 
   28          15 
   29          17 
   30          16 
   31          16 
   32          19 
   33          25 
   34          23 
   35          15 
   36          19 
   37          21 
   38          16 
   39          16 
   40          22 
   41          28 
   42          19 
   43           8 
   44          17 
   45          15 
   46          20 
   47          13 
   48          15 
   49          13 
   50          16 
   51           9 
   52          13 
   53          12 
   54           9 
   55          16 
   56          19 
   57          13 
   58          16 
   59          10 
   60          10 
   61          14 
   62           8 
   63          13 
   64          18 
   65          11 
   66          13 
   67          13 
   68          12 
   69          10 
   70          14 
   71          16 
   72           5 
   73           7 
   74           9 
   75          10 
   76          14 
   77          12 
   78           9 
   79           7 
   80          10 
   81           7 
   82           6 
   83          12 
   84           6 
   85           9 
   86           8 
   87          12 
   88           4 
   89          12 
   90           9 
   91           8 
   92           5 
   93           8 
   94           7 
   95           9 
   96           5 
   97           7 
   98          10 
   99          14 
  100          11 
  101          10 
  102          11 
  103           8 
  104           6 
  105           6 
  106           4 
  107           7 
  108           8 
  109           3 
  110           6 
  111           3 
  112          12 
  113           6 
  114           9 
  115           9 
  116           6 
  117           8 
  118           3 
  119           4 
  120           3 
  121          10 
  122           5 
  123           4 
  124           4 
  125           5 
  126          14 
  127           5 
  128           6 
  129           5 
  130           5 
  131          10 
  132          10 
  133          11 
  134           8 
  135           8 
  136           8 
  137           4 
  138           6 
  139           6 
  140           2 
  141           4 
  142           7 
  143           3 
  144           5 
  145           4 
  146           6 
  147           4 
  148           5 
  149           8 
  150           6 
  151           8 
  152           7 
  153           9 
  154           4 
  155           6 
  156           4 
  157          10 
  158           2 
  159           5 
  160           5 
  161           2 
  162           3 
  163           5 
  164           3 
  165           5 
  166           6 
  167           6 
  168           6 
  169           2 
  170           3 
  171           4 
  172           4 
  173           5 
  174           2 
  175           5 
  176           3 
  177           5 
  178           0 
  179           5 
  180           7 
  181           0 
  182           2 
  183           4 
  184           3 
  185           5 
  186           5 
  187           2 
  188           2 
  189           2 
  190           3 
  191           2 
  192           2 
  193           6 
  194           8 
  195           3 
  196           4 
  197           3 
  198           4 
  199           6 
  200           7 
  201           3 
  202           5 
  203           3 
  204           1 
  205           1 
  206           1 
  207           2 
  208           1 
  209           3 
  210           3 
  211           5 
  212           5 
  213           2 
  214           2 
  215           1 
  216           2 
  217           5 
  218           3 
  219           2 
  220           3 
  221           4 
  222           2 
  223           3 
  224           6 
  225           4 
  226           3 
  227           4 
  228           4 
  229           4 
  230           5 
  231           4 
  232           4 
  233           5 
  234           4 
  235           4 
  236           7 
  237           4 
  238           3 
  239           1 
  240           0 
  241           2 
  242           3 
  243           3 
  244           3 
  245           2 
  246           1 
  247           2 
  248           3 
  249           3 
  250           2 
  251           0 
  252           4 
  253           7 
  254           1 
  255           4 
  256           2 
  257           0 
  258           3 
  259           3 
  260           3 
  261           2 
  262           4 
  263           2 
  264           6 
  265           0 
  266           4 
  267           2 
  268           2 
  269           4 
  270           2 
  271           3 
  272           5 
  273           5 
  274           5 
  275           2 
  276           1 
  277           3 
  278           3 
  279           2 
  280           1 
  281           5 
  282           3 
  283           1 
  284           3 
  285           0 
  286           7 
  287           2 
  288           2 
  289           3 
  290           3 
  291           6 
  292           3 
  293           0 
  294           3 
  295           3 
  296           0 
  297           5 
  298           3 
  299           1 
  300           2 
  301           2 
  302           3 
  303           0 
  304           5 
  305           4 
  306           2 
  307           3 
  308           4 
  309           3 
  310           0 
  311           1 
  312           3 
  313           1 
  314           2 
  315           1 
  316           4 
  317           3 
  318           2 
  319           1 
  320           2 
  321           6 
  322           4 
  323           3 
  324           2 
  325           0 
  326           1 
  327           2 
  328           3 
  329           2 
  330           0 
  331           4 
  332           2 
  333           2 
  334           2 
  335           4 
  336           1 
  337           3 
  338           1 
  339           1 
  340           3 
  341           2 
  342           5 
  343           2 
  344           3 
  345           0 
  346           3 
  347           0 
  348           2 
  349           3 
  350           2 
  351           1 
  352           2 
  353           2 
  354           3 
  355           2 
  356           5 
  357           4 
  358           1 
  359           0 
  360           3 
  361           2 
  362           2 
  363           1 
  364           0 
  365           2 
  366           4 
  367           3 
  368           1 
  369           4 
  370           3 
  371           2 
  372           3 
  373           1 
  374           2 
  375           4 
  376           2 
  377           3 
  378           3 
  379           4 
  380           3 
  381           4 
  382           3 
  383           3 
  384           1 
  385           7 
  386           2 
  387           0 
  388           1 
  389           1 
  390           1 
  391           1 
  392           2 
  393           4 
  394           0 
  395           1 
  396           2 
  397           2 
  398           1 
  399           3 
  400           2 
  401           2 
  402           2 
  403           1 
  404           2 
  405           2 
  406           0 
  407           4 
  408           1 
  409           5 
  410           3 
  411           3 
  412           2 
  413           2 
  414           2 
  415           1 
  416           4 
  417           2 
  418           2 
  419           2 
  420           3 
  421           4 
  422           4 
  423           2 
  424           1 
  425           2 
  426           2 
  427           0 
  428           4 
  429           1 
  430           1 
  431           1 
  432           2 
  433           2 
  434           4 
  435           2 
  436           1 
  437           3 
  438           1 
  439           1 
  440           2 
  441           2 
  442           2 
  443           2 
  444           1 
  445           5 
  446           2 
  447           0 
  448           4 
  449           3 
  450           3 
  451           3 
  452           3 
  453           2 
  454           2 
  455           1 
  456           2 
  457           2 
  458           1 
  459           3 
  460           0 
  461           4 
  462           3 
  463           0 
  464           3 
  465           3 
  466           1 
  467           2 
  468           2 
  469           0 
  470           1 
  471           1 
  472           2 
  473           2 
  474           2 
  475           3 
  476           0 
  477           2 
  478           1 
  479           1 
  480           1 
  481           1 
  482           0 
  483           0 
  484           0 
  485           0 
  486           0 
  487           0 
  488           0 
  489           0 
  490           0 
  491           0 
  492           0 
  493           0 
  494           0 
  495           0 
  496           0 
  497           0 
  498           0 
  499           0 
  500           0 
  501           0 
  502           0 
  503           0 
  504           0 
  505           0 
  506           0 
  507           0 
  508           0 
  509           0 
  510           0 
  511           0 
  512           0 
